Event No.	d  
0	93
1	175
2	126
3	82
4	125
5	123
6	130
7	133
8	84
9	213
10	127
11	134
12	105
13	82
14	468
15	141
16	142
17	92
18	90
19	132
20	145
21	391
22	119
23	126
24	110
25	126
26	106
27	185
28	94
29	136
30	163
31	142
32	94
33	132
34	87
35	142
36	121
37	92
38	146
39	107
40	136
41	131
42	135
43	78
44	125
45	119
46	130
47	87
48	86
49	127
50	95
51	104
52	96
53	174
54	315
55	112
56	136
57	125
58	84
59	140
60	372
61	128
62	138
63	94
64	185
65	124
66	129
67	120
68	85
69	137
70	147
71	122
72	125
73	87
74	137
75	126
76	136
77	91
78	108
79	109
80	122
81	134
82	93
83	289
84	325
85	97
86	130
87	186
88	128
89	130
90	208
91	299
92	92
93	81
94	81
95	131
96	212
97	155
98	337
99	102
100	137
101	129
102	86
103	154
104	101
105	133
106	134
107	120
108	205
109	89
110	130
111	135
112	135
113	129
114	916
115	124
116	95
117	81
118	166
119	123
120	98
121	542
122	414
123	342
124	89
125	124
126	196
127	94
128	702
129	166
130	129
131	124
132	122
133	93
134	195
135	89
136	121
137	103
138	103
139	141
140	94
141	149
142	114
143	129
144	147
145	82
146	125
147	82
148	128
149	125
150	150
151	94
152	131
153	130
154	134
155	345
156	124
157	97
158	133
159	113
160	108
161	1023
162	87
163	156
164	129
165	125
166	481
167	142
168	94
169	130
170	133
171	198
172	130
173	194
174	221
175	135
176	211
177	98
178	123
179	124
180	128
181	177
182	133
183	303
184	97
185	132
186	124
187	131
188	206
189	189
190	127
191	179
192	135
193	520
194	139
195	94
196	130
197	102
198	127
199	213
200	85
201	137
202	129
203	86
204	127
205	128
206	132
207	136
208	136
209	93
210	136
211	128
212	83
213	128
214	120
215	98
216	91
217	399
218	146
219	110
220	435
221	116
222	382
223	127
224	130
225	83
226	136
227	1023
228	131
229	89
230	131
231	121
232	108
233	129
234	89
235	128
236	99
237	81
238	128
239	87
240	90
241	111
242	256
243	407
244	136
245	109
246	94
247	111
248	138
249	128
250	178
251	92
252	134
253	1023
254	130
255	133
256	175
257	180
258	139
259	243
260	550
261	89
262	129
263	129
264	186
265	123
266	95
267	132
268	208
269	139
270	1023
271	94
272	132
273	106
274	247
275	155
276	87
277	96
278	228
279	96
280	120
281	128
282	121
283	121
284	133
285	164
286	134
287	127
288	111
289	134
290	198
291	271
292	100
293	127
294	95
295	129
296	130
297	93
298	197
299	125
300	269
301	114
302	361
303	128
304	192
305	86
306	105
307	100
308	107
309	145
310	129
311	359
312	103
313	124
314	224
315	117
316	86
317	190
318	264
319	144
320	134
321	134
322	112
323	129
324	96
325	214
326	132
327	124
328	150
329	94
330	128
331	182
332	181
333	128
334	131
335	432
336	130
337	102
338	141
339	93
340	133
341	119
342	417
343	195
344	94
345	209
346	195
347	120
348	134
349	163
350	132
351	125
352	92
353	129
354	136
355	128
356	141
357	821
358	127
359	128
360	132
361	120
362	123
363	457
364	133
365	119
366	129
367	93
368	196
369	192
370	83
371	109
372	82
373	138
374	132
375	116
376	96
377	90
378	155
379	93
380	102
381	131
382	93
383	94
384	360
385	191
386	90
387	93
388	108
389	163
390	198
391	128
392	166
393	200
394	95
395	131
396	128
397	130
398	137
399	147
400	110
401	133
402	124
403	187
404	130
405	131
406	118
407	269
408	115
409	133
410	862
411	193
412	125
413	124
414	108
415	125
416	97
417	108
418	180
419	474
420	92
421	187
422	1023
423	185
424	139
425	106
426	245
427	130
428	132
429	294
430	84
431	220
432	150
433	140
434	138
435	127
436	126
437	129
438	127
439	128
440	571
441	353
442	134
443	134
444	204
445	130
446	131
447	128
448	117
449	382
450	94
451	187
452	189
453	125
454	135
455	143
456	305
457	113
458	186
459	133
460	127
461	81
462	134
463	130
464	177
465	131
466	98
467	91
468	130
469	102
470	229
471	188
472	202
473	125
474	857
475	112
476	136
477	87
478	209
479	125
480	372
481	146
482	132
483	120
484	133
485	127
486	157
487	94
488	136
489	131
490	217
491	101
492	97
493	178
494	87
495	196
496	121
497	295
498	136
499	122
500	253
501	113
502	91
503	113
504	101
505	171
506	137
507	138
508	138
509	206
510	96
511	94
512	128
513	96
514	138
515	132
516	91
517	110
518	215
519	133
520	138
521	98
522	128
523	102
524	124
525	87
526	346
527	130
528	93
529	121
530	140
531	218
532	132
533	187
534	904
535	125
536	279
537	204
538	119
539	140
540	125
541	137
542	138
543	120
544	92
545	132
546	130
547	117
548	233
549	189
550	133
551	145
552	95
553	328
554	193
555	95
556	207
557	96
558	198
559	129
560	137
561	189
562	141
563	222
564	100
565	181
566	91
567	127
568	251
569	464
570	87
571	96
572	343
573	137
574	96
575	169
576	134
577	113
578	222
579	130
580	145
581	126
582	131
583	97
584	137
585	133
586	123
587	205
588	130
589	128
590	91
591	124
592	224
593	85
594	84
595	133
596	1023
597	194
598	195
599	99
600	84
601	115
602	126
603	96
604	145
605	141
606	89
607	131
608	144
609	318
610	138
611	143
612	96
613	96
614	81
615	131
616	123
617	128
618	134
619	105
620	96
621	338
622	133
623	134
624	95
625	601
626	130
627	95
628	124
629	121
630	135
631	694
632	83
633	131
634	132
635	136
636	130
637	130
638	102
639	147
640	95
641	131
642	93
643	130
644	129
645	128
646	134
647	152
648	93
649	131
650	91
651	135
652	135
653	132
654	192
655	95
656	86
657	199
658	194
659	137
660	92
661	127
662	529
663	141
664	151
665	542
666	138
667	255
668	368
669	130
670	93
671	127
672	135
673	91
674	139
675	97
676	128
677	92
678	86
679	123
680	129
681	132
682	84
683	93
684	164
685	126
686	90
687	120
688	129
689	198
690	100
691	95
692	93
693	194
694	81
695	195
696	79
697	135
698	128
699	93
700	127
701	134
702	114
703	127
704	130
705	93
706	110
707	1023
708	130
709	199
710	128
711	122
712	132
713	132
714	125
715	149
716	190
717	138
718	93
719	124
720	87
721	100
722	117
723	134
724	92
725	96
726	131
727	122
728	129
729	120
730	86
731	135
732	237
733	129
734	133
735	122
736	198
737	197
738	210
739	124
740	132
741	105
742	800
743	92
744	135
745	207
746	134
747	109
748	129
749	257
750	103
751	138
752	108
753	95
754	88
755	98
756	190
757	196
758	94
759	140
760	132
761	166
762	209
763	103
764	134
765	217
766	482
767	93
768	135
769	193
770	132
771	122
772	135
773	169
774	96
775	136
776	147
777	134
778	403
779	285
780	124
781	312
782	197
783	95
784	133
785	204
786	119
787	131
788	97
789	247
790	106
791	132
792	188
793	87
794	103
795	139
796	130
797	91
798	131
799	137
800	126
801	136
802	196
803	96
804	99
805	128
806	136
807	156
808	154
809	139
810	179
811	93
812	347
813	126
814	205
815	87
816	131
817	129
818	132
819	97
820	131
821	164
822	199
823	121
824	86
825	93
826	335
827	131
828	96
829	200
830	173
831	123
832	374
833	160
834	128
835	132
836	286
837	133
838	209
839	200
840	241
841	128
842	119
843	132
844	138
845	101
846	143
847	94
848	330
849	185
850	132
851	213
852	194
853	532
854	131
855	133
856	133
857	128
858	131
859	126
860	125
861	194
862	129
863	81
864	133
865	157
866	126
867	128
868	124
869	150
870	284
871	120
872	423
873	128
874	124
875	96
876	99
877	99
878	158
879	190
880	195
881	134
882	141
883	186
884	233
885	109
886	141
887	94
888	126
889	134
890	151
891	183
892	127
893	193
894	128
895	138
896	92
897	137
898	246
899	93
900	92
901	129
902	136
903	121
904	128
905	131
906	118
907	99
908	268
909	147
910	127
911	194
912	132
913	133
914	129
915	138
916	130
917	94
918	203
919	130
920	207
921	133
922	203
923	139
924	126
925	271
926	162
927	129
928	133
929	137
930	309
931	194
932	511
933	147
934	136
935	94
936	135
937	134
938	430
939	141
940	124
941	117
942	109
943	95
944	94
945	138
946	151
947	134
948	146
949	142
950	127
951	131
952	130
953	145
954	93
955	141
956	147
957	124
958	101
959	98
960	134
961	133
962	211
963	126
964	127
965	97
966	133
967	124
968	140
969	183
970	321
971	199
972	132
973	115
974	92
975	126
976	132
977	196
978	218
979	136
980	130
981	93
982	199
983	131
984	95
985	82
986	138
987	206
988	136
989	98
990	138
991	91
992	164
993	132
994	130
995	505
996	95
997	232
998	151
999	131
1000	254
1001	95
1002	190
1003	126
1004	353
1005	134
1006	160
1007	155
1008	96
1009	127
1010	95
1011	97
1012	128
1013	133
1014	95
1015	134
1016	200
1017	142
1018	198
1019	135
1020	95
1021	123
1022	99
1023	81
1024	149
1025	93
1026	130
1027	152
1028	131
1029	91
1030	127
1031	139
1032	202
1033	128
1034	128
1035	212
1036	131
1037	184
1038	93
1039	197
1040	159
1041	147
1042	129
1043	232
1044	196
1045	138
1046	136
1047	108
1048	134
1049	183
1050	144
1051	628
1052	165
1053	157
1054	132
1055	131
1056	201
1057	196
1058	292
1059	141
1060	131
1061	126
1062	112
1063	135
1064	132
1065	91
1066	133
1067	135
1068	197
1069	133
1070	133
1071	131
1072	197
1073	91
1074	136
1075	134
1076	129
1077	81
1078	133
1079	181
1080	185
1081	411
1082	132
1083	167
1084	140
1085	131
1086	113
1087	94
1088	135
1089	137
1090	206
1091	134
1092	130
1093	122
1094	97
1095	125
1096	123
1097	123
1098	128
1099	142
1100	131
1101	136
1102	195
1103	148
1104	138
1105	158
1106	146
1107	129
1108	140
1109	137
1110	190
1111	236
1112	237
1113	139
1114	107
1115	117
1116	146
1117	87
1118	131
1119	201
1120	147
1121	131
1122	186
1123	126
1124	130
1125	136
1126	80
1127	171
1128	138
1129	146
1130	206
1131	168
1132	134
1133	90
1134	136
1135	138
1136	126
1137	96
1138	96
1139	166
1140	134
1141	136
1142	97
1143	198
1144	119
1145	140
1146	131
1147	131
1148	116
1149	161
1150	191
1151	130
1152	131
1153	146
1154	117
1155	257
1156	99
1157	90
1158	97
1159	91
1160	134
1161	131
1162	132
1163	84
1164	130
1165	124
1166	133
1167	134
1168	96
1169	131
1170	133
1171	132
1172	95
1173	110
1174	130
1175	131
1176	136
1177	136
1178	349
1179	100
1180	586
1181	194
1182	139
1183	139
1184	118
1185	385
1186	93
1187	141
1188	97
1189	169
1190	192
1191	136
1192	129
1193	129
1194	202
1195	128
1196	146
1197	109
1198	108
1199	132
1200	140
1201	146
1202	134
1203	134
1204	97
1205	95
1206	192
1207	106
1208	99
1209	96
1210	134
1211	1023
1212	131
1213	133
1214	258
1215	130
1216	649
1217	99
1218	127
1219	131
1220	131
1221	196
1222	165
1223	414
1224	192
1225	145
1226	189
1227	94
1228	90
1229	190
1230	99
1231	99
1232	140
1233	119
1234	176
1235	126
1236	281
1237	95
1238	129
1239	90
1240	96
1241	126
1242	200
1243	92
1244	131
1245	136
1246	86
1247	131
1248	124
1249	201
1250	90
1251	134
1252	148
1253	94
1254	297
1255	146
1256	94
1257	133
1258	124
1259	128
1260	98
1261	136
1262	123
1263	196
1264	196
1265	86
1266	96
1267	134
1268	94
1269	132
1270	116
1271	94
1272	96
1273	135
1274	117
1275	136
1276	129
1277	143
1278	130
1279	86
1280	198
1281	107
1282	86
1283	202
1284	97
1285	131
1286	132
1287	308
1288	97
1289	244
1290	100
1291	138
1292	99
1293	101
1294	139
1295	144
1296	97
1297	104
1298	129
1299	133
1300	98
1301	161
1302	153
1303	125
1304	101
1305	99
1306	118
1307	154
1308	130
1309	178
1310	143
1311	136
1312	96
1313	189
1314	145
1315	127
1316	80
1317	137
1318	186
1319	145
1320	96
1321	109
1322	132
1323	195
1324	208
1325	129
1326	98
1327	106
1328	178
1329	458
1330	105
1331	135
1332	193
1333	132
1334	94
1335	205
1336	142
1337	125
1338	409
1339	200
1340	133
1341	138
1342	196
1343	96
1344	132
1345	132
1346	201
1347	130
1348	135
1349	97
1350	143
1351	129
1352	158
1353	277
1354	98
1355	136
1356	206
1357	129
1358	130
1359	198
1360	193
1361	95
1362	134
1363	129
1364	130
1365	126
1366	137
1367	87
1368	79
1369	96
1370	204
1371	96
1372	139
1373	144
1374	223
1375	96
1376	107
1377	136
1378	386
1379	138
1380	80
1381	131
1382	110
1383	184
1384	207
1385	117
1386	137
1387	128
1388	209
1389	137
1390	197
1391	132
1392	121
1393	380
1394	192
1395	96
1396	138
1397	95
1398	93
1399	200
1400	100
1401	92
1402	135
1403	135
1404	137
1405	122
1406	119
1407	168
1408	98
1409	102
1410	110
1411	121
1412	96
1413	126
1414	132
1415	204
1416	87
1417	136
1418	186
1419	102
1420	117
1421	134
1422	81
1423	182
1424	91
1425	152
1426	133
1427	262
1428	138
1429	143
1430	132
1431	197
1432	196
1433	189
1434	124
1435	208
1436	127
1437	110
1438	94
1439	96
1440	190
1441	271
1442	117
1443	133
1444	130
1445	134
1446	190
1447	134
1448	137
1449	151
1450	131
1451	96
1452	131
1453	179
1454	143
1455	103
1456	236
1457	157
1458	134
1459	137
1460	194
1461	136
1462	94
1463	95
1464	132
1465	128
1466	94
1467	248
1468	136
1469	222
1470	134
1471	103
1472	127
1473	167
1474	195
1475	127
1476	204
1477	84
1478	406
1479	138
1480	247
1481	322
1482	135
1483	132
1484	192
1485	183
1486	178
1487	136
1488	101
1489	96
1490	158
1491	108
1492	88
1493	198
1494	132
1495	90
1496	135
1497	182
1498	214
1499	128
1500	134
1501	98
1502	126
1503	299
1504	189
1505	195
1506	134
1507	83
1508	87
1509	149
1510	133
1511	516
1512	131
1513	135
1514	217
1515	132
1516	96
1517	93
1518	91
1519	128
1520	133
1521	93
1522	138
1523	132
1524	139
1525	97
1526	85
1527	88
1528	93
1529	87
1530	159
1531	126
1532	98
1533	130
1534	140
1535	220
1536	92
1537	85
1538	136
1539	148
1540	94
1541	267
1542	134
1543	130
1544	137
1545	123
1546	134
1547	108
1548	148
1549	136
1550	161
1551	84
1552	125
1553	143
1554	125
1555	199
1556	94
1557	133
1558	100
1559	198
1560	134
1561	131
1562	134
1563	90
1564	96
1565	1023
1566	111
1567	130
1568	125
1569	123
1570	98
1571	195
1572	96
1573	309
1574	143
1575	82
1576	127
1577	100
1578	93
1579	131
1580	127
1581	137
1582	96
1583	130
1584	124
1585	138
1586	135
1587	126
1588	130
1589	120
1590	115
1591	152
1592	128
1593	92
1594	129
1595	134
1596	110
1597	111
1598	114
1599	125
1600	136
1601	117
1602	135
1603	137
1604	129
1605	99
1606	134
1607	160
1608	196
1609	91
1610	208
1611	96
1612	539
1613	214
1614	98
1615	114
1616	130
1617	126
1618	131
1619	91
1620	84
1621	99
1622	132
1623	134
1624	139
1625	129
1626	136
1627	247
1628	127
1629	98
1630	199
1631	131
1632	182
1633	388
1634	136
1635	132
1636	203
1637	134
1638	86
1639	103
1640	184
1641	128
1642	86
1643	193
1644	151
1645	138
1646	95
1647	128
1648	287
1649	124
1650	190
1651	134
1652	1014
1653	197
1654	90
1655	166
1656	97
1657	135
1658	190
1659	114
1660	140
1661	85
1662	91
1663	144
1664	110
1665	125
1666	90
1667	94
1668	131
1669	195
1670	98
1671	138
1672	92
1673	204
1674	197
1675	91
1676	130
1677	122
1678	110
1679	167
1680	89
1681	134
1682	204
1683	133
1684	89
1685	96
1686	136
1687	117
1688	129
1689	132
1690	144
1691	95
1692	94
1693	97
1694	188
1695	139
1696	138
1697	119
1698	99
1699	119
1700	96
1701	91
1702	110
1703	133
1704	90
1705	195
1706	136
1707	113
1708	136
1709	138
1710	96
1711	129
1712	95
1713	510
1714	130
1715	141
1716	83
1717	134
1718	91
1719	127
1720	158
1721	93
1722	131
1723	203
1724	127
1725	94
1726	134
1727	128
1728	151
1729	81
1730	96
1731	197
1732	197
1733	131
1734	98
1735	193
1736	192
1737	95
1738	93
1739	127
1740	138
1741	96
1742	135
1743	354
1744	81
1745	143
1746	95
1747	108
1748	132
1749	131
1750	96
1751	79
1752	107
1753	123
1754	111
1755	155
1756	137
1757	203
1758	155
1759	96
1760	128
1761	132
1762	123
1763	138
1764	234
1765	128
1766	406
1767	95
1768	130
1769	142
1770	115
1771	133
1772	195
1773	131
1774	135
1775	118
1776	138
1777	92
1778	134
1779	137
1780	122
1781	136
1782	106
1783	101
1784	131
1785	131
1786	376
1787	110
1788	134
1789	129
1790	128
1791	161
1792	87
1793	95
1794	109
1795	129
1796	139
1797	153
1798	175
1799	137
1800	195
1801	138
1802	132
1803	207
1804	156
1805	142
1806	137
1807	102
1808	173
1809	202
1810	202
1811	108
1812	98
1813	220
1814	129
1815	99
1816	143
1817	197
1818	225
1819	133
1820	122
1821	139
1822	133
1823	130
1824	127
1825	129
1826	131
1827	98
1828	105
1829	98
1830	95
1831	169
1832	123
1833	205
1834	228
1835	131
1836	128
1837	133
1838	100
1839	208
1840	180
1841	174
1842	173
1843	97
1844	136
1845	119
1846	140
1847	136
1848	136
1849	127
1850	131
1851	209
1852	170
1853	96
1854	213
1855	94
1856	106
1857	96
1858	194
1859	103
1860	135
1861	155
1862	199
1863	100
1864	195
1865	131
1866	131
1867	134
1868	100
1869	162
1870	133
1871	129
1872	188
1873	141
1874	155
1875	88
1876	97
1877	181
1878	136
1879	196
1880	228
1881	209
1882	98
1883	133
1884	135
1885	223
1886	98
1887	94
1888	186
1889	148
1890	158
1891	136
1892	132
1893	133
1894	154
1895	219
1896	143
1897	94
1898	96
1899	134
1900	132
1901	137
1902	117
1903	200
1904	134
1905	132
1906	97
1907	205
1908	520
1909	141
1910	93
1911	84
1912	91
1913	151
1914	133
1915	97
1916	99
1917	120
1918	118
1919	197
1920	79
1921	129
1922	131
1923	136
1924	288
1925	148
1926	133
1927	96
1928	130
1929	202
1930	131
1931	139
1932	174
1933	132
1934	210
1935	136
1936	87
1937	83
1938	369
1939	114
1940	130
1941	178
1942	116
1943	202
1944	200
1945	87
1946	98
1947	121
1948	131
1949	132
1950	135
1951	131
1952	202
1953	125
1954	134
1955	92
1956	94
1957	197
1958	81
1959	172
1960	130
1961	96
1962	139
1963	128
1964	130
1965	139
1966	162
1967	138
1968	130
1969	145
1970	142
1971	114
1972	136
1973	110
1974	182
1975	132
1976	133
1977	93
1978	133
1979	174
1980	139
1981	279
1982	142
1983	192
1984	134
1985	126
1986	137
1987	160
1988	134
1989	283
1990	135
1991	91
1992	140
1993	214
1994	142
1995	136
1996	94
1997	128
1998	136
1999	118
2000	133
2001	129
2002	135
2003	136
2004	207
2005	124
2006	130
2007	197
2008	128
2009	184
2010	203
2011	102
2012	185
2013	131
2014	103
2015	135
2016	138
2017	133
2018	191
2019	204
2020	130
2021	133
2022	92
2023	141
2024	132
2025	106
2026	92
2027	96
2028	125
2029	136
2030	134
2031	98
2032	94
2033	185
2034	91
2035	138
2036	135
2037	139
2038	190
2039	83
2040	133
2041	92
2042	115
2043	84
2044	160
2045	144
2046	164
2047	93
2048	92
2049	130
2050	116
2051	90
2052	144
2053	90
2054	157
2055	260
2056	129
2057	133
2058	140
2059	112
2060	139
2061	359
2062	195
2063	161
2064	136
2065	90
2066	97
2067	92
2068	129
2069	108
2070	134
2071	102
2072	137
2073	155
2074	138
2075	201
2076	151
2077	376
2078	122
2079	132
2080	136
2081	130
2082	190
2083	121
2084	158
2085	159
2086	143
2087	122
2088	109
2089	130
2090	124
2091	95
2092	128
2093	129
2094	128
2095	133
2096	136
2097	101
2098	431
2099	216
2100	95
2101	195
2102	112
2103	132
2104	135
2105	92
2106	127
2107	108
2108	221
2109	111
2110	206
2111	122
2112	131
2113	136
2114	131
2115	96
2116	204
2117	127
2118	88
2119	109
2120	128
2121	103
2122	329
2123	127
2124	163
2125	106
2126	92
2127	136
2128	133
2129	285
2130	131
2131	130
2132	127
2133	273
2134	101
2135	135
2136	128
2137	135
2138	96
2139	230
2140	87
2141	191
2142	100
2143	137
2144	132
2145	90
2146	102
2147	96
2148	131
2149	122
2150	95
2151	134
2152	96
2153	94
2154	140
2155	128
2156	136
2157	133
2158	104
2159	106
2160	308
2161	135
2162	133
2163	124
2164	125
2165	140
2166	194
2167	189
2168	132
2169	127
2170	133
2171	194
2172	151
2173	153
2174	342
2175	98
2176	132
2177	185
2178	130
2179	195
2180	133
2181	101
2182	93
2183	119
2184	133
2185	140
2186	136
2187	196
2188	105
2189	191
2190	146
2191	98
2192	130
2193	129
2194	203
2195	134
2196	90
2197	134
2198	164
2199	123
2200	126
2201	96
2202	136
2203	91
2204	199
2205	127
2206	89
2207	107
2208	182
2209	577
2210	205
2211	136
2212	138
2213	99
2214	123
2215	131
2216	140
2217	133
2218	136
2219	129
2220	188
2221	216
2222	94
2223	111
2224	324
2225	239
2226	135
2227	87
2228	249
2229	83
2230	444
2231	202
2232	137
2233	130
2234	199
2235	136
2236	133
2237	197
2238	279
2239	135
2240	135
2241	121
2242	132
2243	92
2244	94
2245	96
2246	98
2247	131
2248	132
2249	83
2250	127
2251	99
2252	137
2253	143
2254	129
2255	131
2256	97
2257	132
2258	132
2259	113
2260	147
2261	136
2262	90
2263	135
2264	105
2265	135
2266	136
2267	128
2268	131
2269	123
2270	93
2271	196
2272	136
2273	133
2274	95
2275	168
2276	95
2277	174
2278	91
2279	135
2280	85
2281	94
2282	156
2283	132
2284	153
2285	140
2286	128
2287	98
2288	87
2289	89
2290	131
2291	93
2292	143
2293	135
2294	85
2295	135
2296	105
2297	95
2298	216
2299	108
2300	148
2301	134
2302	386
2303	142
2304	115
2305	92
2306	95
2307	98
2308	143
2309	195
2310	176
2311	168
2312	130
2313	130
2314	94
2315	147
2316	131
2317	128
2318	215
2319	128
2320	95
2321	131
2322	94
2323	131
2324	164
2325	228
2326	126
2327	124
2328	124
2329	133
2330	94
2331	194
2332	138
2333	93
2334	118
2335	106
2336	120
2337	157
2338	106
2339	95
2340	184
2341	133
2342	136
2343	132
2344	201
2345	132
2346	133
2347	140
2348	125
2349	137
2350	229
2351	140
2352	193
2353	221
2354	134
2355	131
2356	90
2357	80
2358	97
2359	83
2360	198
2361	135
2362	96
2363	169
2364	83
2365	162
2366	133
2367	104
2368	141
2369	136
2370	102
2371	190
2372	138
2373	134
2374	218
2375	304
2376	206
2377	92
2378	296
2379	105
2380	141
2381	203
2382	127
2383	139
2384	131
2385	138
2386	131
2387	95
2388	258
2389	132
2390	134
2391	197
2392	112
2393	128
2394	88
2395	187
2396	132
2397	199
2398	134
2399	186
2400	131
2401	130
2402	135
2403	135
2404	233
2405	121
2406	133
2407	202
2408	139
2409	196
2410	123
2411	195
2412	94
2413	138
2414	197
2415	95
2416	83
2417	129
2418	130
2419	131
2420	119
2421	97
2422	134
2423	129
2424	132
2425	157
2426	128
2427	182
2428	142
2429	89
2430	82
2431	132
2432	133
2433	97
2434	128
2435	251
2436	183
2437	193
2438	102
2439	144
2440	95
2441	99
2442	128
2443	126
2444	125
2445	161
2446	133
2447	81
2448	130
2449	137
2450	156
2451	141
2452	123
2453	203
2454	134
2455	127
2456	81
2457	124
2458	133
2459	116
2460	88
2461	95
2462	110
2463	135
2464	196
2465	142
2466	160
2467	134
2468	133
2469	271
2470	80
2471	131
2472	136
2473	129
2474	139
2475	132
2476	191
2477	126
2478	137
2479	123
2480	198
2481	88
2482	132
2483	141
2484	127
2485	86
2486	133
2487	192
2488	210
2489	134
2490	130
2491	131
2492	200
2493	87
2494	171
2495	134
2496	139
2497	92
2498	133
2499	104
2500	97
2501	362
2502	103
2503	144
2504	94
2505	128
2506	211
2507	145
2508	129
2509	190
2510	116
2511	96
2512	138
2513	203
2514	185
2515	138
2516	144
2517	111
2518	120
2519	135
2520	317
2521	778
2522	126
2523	200
2524	183
2525	140
2526	280
2527	104
2528	202
2529	220
2530	121
2531	133
2532	96
2533	132
2534	148
2535	131
2536	134
2537	129
2538	138
2539	188
2540	177
2541	95
2542	203
2543	95
2544	196
2545	198
2546	135
2547	96
2548	208
2549	94
2550	163
2551	137
2552	137
2553	131
2554	131
2555	133
2556	91
2557	155
2558	136
2559	141
2560	128
2561	126
2562	133
2563	139
2564	96
2565	134
2566	132
2567	99
2568	127
2569	132
2570	115
2571	137
2572	218
2573	124
2574	107
2575	135
2576	137
2577	588
2578	951
2579	193
2580	97
2581	135
2582	117
2583	134
2584	201
2585	275
2586	93
2587	231
2588	133
2589	133
2590	87
2591	123
2592	574
2593	126
2594	187
2595	98
2596	156
2597	92
2598	145
2599	95
2600	97
2601	83
2602	95
2603	115
2604	83
2605	277
2606	92
2607	96
2608	100
2609	141
2610	137
2611	136
2612	130
2613	146
2614	205
2615	122
2616	137
2617	113
2618	131
2619	100
2620	126
2621	140
2622	98
2623	98
2624	214
2625	132
2626	541
2627	135
2628	128
2629	100
2630	174
2631	100
2632	209
2633	100
2634	137
2635	135
2636	129
2637	135
2638	92
2639	140
2640	131
2641	89
2642	93
2643	133
2644	139
2645	123
2646	199
2647	134
2648	195
2649	132
2650	194
2651	126
2652	84
2653	136
2654	130
2655	119
2656	130
2657	358
2658	91
2659	132
2660	130
2661	377
2662	136
2663	85
2664	129
2665	133
2666	123
2667	187
2668	133
2669	220
2670	136
2671	125
2672	141
2673	96
2674	93
2675	96
2676	294
2677	133
2678	135
2679	105
2680	225
2681	138
2682	129
2683	207
2684	204
2685	97
2686	142
2687	135
2688	267
2689	202
2690	141
2691	182
2692	99
2693	97
2694	130
2695	138
2696	136
2697	136
2698	195
2699	135
2700	98
2701	117
2702	128
2703	136
2704	98
2705	92
2706	134
2707	130
2708	133
2709	134
2710	138
2711	163
2712	102
2713	90
2714	105
2715	91
2716	205
2717	136
2718	129
2719	127
2720	105
2721	141
2722	95
2723	136
2724	114
2725	94
2726	180
2727	94
2728	133
2729	94
2730	96
2731	95
2732	149
2733	128
2734	113
2735	135
2736	102
2737	681
2738	205
2739	356
2740	94
2741	130
2742	119
2743	143
2744	92
2745	220
2746	135
2747	136
2748	93
2749	135
2750	190
2751	134
2752	142
2753	136
2754	79
2755	99
2756	191
2757	200
2758	139
2759	148
2760	220
2761	106
2762	134
2763	134
2764	153
2765	99
2766	143
2767	93
2768	96
2769	192
2770	164
2771	192
2772	127
2773	168
2774	177
2775	481
2776	117
2777	99
2778	133
2779	95
2780	128
2781	124
2782	131
2783	197
2784	298
2785	211
2786	131
2787	134
2788	136
2789	136
2790	136
2791	194
2792	135
2793	264
2794	127
2795	129
2796	114
2797	92
2798	97
2799	133
2800	90
2801	132
2802	146
2803	94
2804	85
2805	198
2806	83
2807	144
2808	180
2809	198
2810	142
2811	319
2812	114
2813	111
2814	130
2815	134
2816	99
2817	246
2818	131
2819	106
2820	135
2821	131
2822	134
2823	183
2824	92
2825	132
2826	213
2827	205
2828	132
2829	195
2830	135
2831	126
2832	97
2833	133
2834	134
2835	132
2836	96
2837	153
2838	231
2839	196
2840	133
2841	132
2842	106
2843	205
2844	151
2845	132
2846	106
2847	103
2848	229
2849	163
2850	139
2851	130
2852	203
2853	132
2854	163
2855	219
2856	136
2857	149
2858	95
2859	89
2860	131
2861	101
2862	87
2863	137
2864	121
2865	189
2866	133
2867	106
2868	163
2869	130
2870	139
2871	157
2872	202
2873	89
2874	93
2875	131
2876	132
2877	98
2878	125
2879	110
2880	128
2881	94
2882	131
2883	129
2884	129
2885	92
2886	194
2887	153
2888	99
2889	126
2890	145
2891	377
2892	131
2893	138
2894	148
2895	108
2896	171
2897	134
2898	106
2899	134
2900	129
2901	93
2902	413
2903	95
2904	206
2905	179
2906	136
2907	92
2908	93
2909	120
2910	147
2911	194
2912	93
2913	247
2914	82
2915	255
2916	129
2917	99
2918	207
2919	129
2920	132
2921	236
2922	324
2923	298
2924	88
2925	204
2926	95
2927	132
2928	128
2929	125
2930	100
2931	98
2932	203
2933	163
2934	147
2935	93
2936	98
2937	535
2938	96
2939	96
2940	114
2941	129
2942	137
2943	98
2944	228
2945	83
2946	132
2947	229
2948	155
2949	135
2950	131
2951	132
2952	128
2953	138
2954	159
2955	165
2956	79
2957	133
2958	137
2959	133
2960	130
2961	91
2962	133
2963	118
2964	130
2965	196
2966	131
2967	89
2968	126
2969	134
2970	128
2971	198
2972	187
2973	133
2974	136
2975	135
2976	131
2977	85
2978	88
2979	124
2980	129
2981	201
2982	131
2983	130
2984	108
2985	217
2986	203
2987	131
2988	129
2989	204
2990	100
2991	141
2992	197
2993	149
2994	135
2995	137
2996	131
2997	135
2998	145
2999	164
