Event No.	d  
0	82
1	391
2	91
3	120
4	313
5	193
6	190
7	113
8	103
9	202
10	195
11	379
12	191
13	194
14	104
15	129
16	96
17	93
18	188
19	192
20	193
21	316
22	115
23	189
24	83
25	143
26	222
27	162
28	181
29	118
30	181
31	91
32	107
33	109
34	326
35	127
36	184
37	110
38	946
39	411
40	401
41	97
42	119
43	207
44	209
45	193
46	198
47	192
48	199
49	194
50	185
51	112
52	92
53	108
54	97
55	381
56	385
57	180
58	247
59	191
60	103
61	85
62	98
63	375
64	126
65	186
66	101
67	186
68	95
69	207
70	84
71	181
72	208
73	187
74	148
75	191
76	435
77	182
78	177
79	187
80	190
81	94
82	200
83	92
84	115
85	209
86	559
87	139
88	92
89	95
90	166
91	117
92	157
93	188
94	175
95	94
96	191
97	374
98	200
99	121
100	96
101	96
102	366
103	187
104	197
105	281
106	92
107	96
108	99
109	193
110	92
111	91
112	88
113	195
114	181
115	179
116	80
117	136
118	143
119	135
120	86
121	190
122	133
123	150
124	195
125	211
126	174
127	189
128	82
129	150
130	382
131	200
132	184
133	265
134	188
135	195
136	187
137	173
138	195
139	201
140	191
141	197
142	96
143	86
144	95
145	184
146	187
147	1023
148	357
149	138
150	100
151	102
152	325
153	744
154	190
155	79
156	451
157	178
158	111
159	183
160	93
161	178
162	195
163	202
164	88
165	189
166	394
167	187
168	189
169	95
170	175
171	105
172	84
173	136
174	178
175	97
176	215
177	192
178	131
179	87
180	170
181	82
182	210
183	185
184	159
185	192
186	1023
187	351
188	94
189	143
190	121
191	200
192	80
193	190
194	90
195	164
196	185
197	315
198	777
199	171
200	92
201	216
202	94
203	193
204	351
205	187
206	129
207	238
208	88
209	86
210	191
211	101
212	206
213	203
214	193
215	98
216	206
217	92
218	205
219	143
220	391
221	197
222	89
223	271
224	95
225	192
226	96
227	80
228	80
229	195
230	184
231	131
232	251
233	191
234	120
235	100
236	133
237	194
238	195
239	122
240	89
241	537
242	165
243	196
244	173
245	198
246	216
247	205
248	456
249	80
250	628
251	315
252	99
253	183
254	91
255	128
256	118
257	97
258	106
259	96
260	135
261	136
262	154
263	120
264	87
265	140
266	183
267	196
268	192
269	261
270	396
271	86
272	136
273	91
274	99
275	170
276	129
277	95
278	188
279	111
280	197
281	235
282	189
283	878
284	182
285	375
286	94
287	90
288	123
289	191
290	99
291	99
292	193
293	185
294	193
295	139
296	162
297	196
298	186
299	150
300	187
301	124
302	151
303	94
304	192
305	131
306	124
307	100
308	182
309	182
310	207
311	191
312	84
313	1016
314	141
315	281
316	380
317	194
318	110
319	138
320	159
321	92
322	197
323	185
324	117
325	197
326	220
327	235
328	145
329	198
330	155
331	1023
332	92
333	197
334	84
335	96
336	185
337	201
338	219
339	145
340	89
341	143
342	222
343	189
344	193
345	199
346	112
347	130
348	209
349	586
350	195
351	135
352	200
353	184
354	193
355	194
356	124
357	303
358	92
359	232
360	520
361	384
362	186
363	95
364	358
365	87
366	192
367	89
368	203
369	374
370	96
371	185
372	197
373	529
374	112
375	96
376	190
377	372
378	142
379	90
380	390
381	96
382	191
383	194
384	200
385	92
386	187
387	93
388	124
389	198
390	189
391	269
392	192
393	335
394	94
395	143
396	187
397	252
398	308
399	82
400	201
401	188
402	182
403	189
404	389
405	390
406	93
407	198
408	281
409	127
410	195
411	179
412	105
413	214
414	312
415	120
416	118
417	214
418	196
419	115
420	150
421	85
422	198
423	115
424	178
425	97
426	189
427	167
428	90
429	192
430	87
431	437
432	202
433	400
434	211
435	88
436	199
437	177
438	127
439	79
440	475
441	188
442	78
443	197
444	87
445	80
446	176
447	100
448	94
449	291
450	191
451	187
452	94
453	212
454	209
455	85
456	198
457	179
458	110
459	141
460	93
461	118
462	96
463	214
464	228
465	185
466	192
467	418
468	190
469	94
470	176
471	102
472	189
473	995
474	96
475	194
476	181
477	117
478	281
479	90
480	92
481	84
482	107
483	240
484	191
485	207
486	101
487	188
488	390
489	101
490	110
491	191
492	103
493	200
494	156
495	389
496	221
497	209
498	194
499	166
500	191
501	119
502	116
503	188
504	116
505	372
506	164
507	107
508	176
509	119
510	109
511	134
512	193
513	137
514	133
515	384
516	190
517	152
518	258
519	157
520	329
521	115
522	96
523	222
524	310
525	88
526	197
527	189
528	179
529	95
530	198
531	92
532	193
533	89
534	96
535	94
536	91
537	464
538	183
539	403
540	138
541	84
542	137
543	118
544	197
545	316
546	277
547	201
548	147
549	119
550	193
551	93
552	82
553	92
554	192
555	290
556	96
557	182
558	271
559	92
560	190
561	349
562	176
563	103
564	235
565	396
566	96
567	99
568	94
569	201
570	130
571	118
572	87
573	197
574	441
575	94
576	194
577	391
578	113
579	255
580	94
581	183
582	89
583	187
584	443
585	191
586	185
587	87
588	200
589	113
590	79
591	92
592	343
593	100
594	96
595	153
596	151
597	133
598	84
599	251
600	209
601	207
602	113
603	429
604	163
605	186
606	394
607	114
608	197
609	177
610	85
611	155
612	118
613	788
614	198
615	159
616	208
617	409
618	204
619	83
620	109
621	426
622	110
623	200
624	93
625	84
626	114
627	90
628	231
629	97
630	99
631	93
632	382
633	94
634	97
635	98
636	98
637	189
638	122
639	1023
640	190
641	189
642	92
643	194
644	160
645	114
646	98
647	167
648	129
649	98
650	99
651	186
652	184
653	145
654	133
655	181
656	199
657	200
658	119
659	132
660	390
661	558
662	141
663	381
664	179
665	200
666	109
667	183
668	196
669	192
670	192
671	100
672	194
673	174
674	317
675	97
676	197
677	197
678	203
679	137
680	95
681	104
682	99
683	201
684	196
685	117
686	366
687	87
688	193
689	111
690	197
691	86
692	145
693	85
694	386
695	197
696	187
697	195
698	378
699	398
700	91
701	185
702	95
703	96
704	767
705	193
706	96
707	106
708	238
709	384
710	199
711	401
712	185
713	192
714	91
715	162
716	210
717	89
718	111
719	94
720	137
721	95
722	158
723	178
724	372
725	186
726	88
727	108
728	196
729	87
730	113
731	99
732	193
733	80
734	93
735	247
736	79
737	117
738	171
739	175
740	216
741	103
742	97
743	190
744	188
745	170
746	189
747	363
748	95
749	194
750	184
751	805
752	401
753	91
754	721
755	254
756	264
757	110
758	187
759	94
760	96
761	186
762	193
763	82
764	116
765	191
766	160
767	191
768	567
769	183
770	158
771	80
772	194
773	108
774	119
775	93
776	398
777	93
778	173
779	94
780	84
781	189
782	188
783	202
784	97
785	193
786	244
787	121
788	160
789	191
790	107
791	169
792	114
793	191
794	144
795	132
796	144
797	174
798	197
799	239
800	228
801	206
802	131
803	191
804	388
805	186
806	268
807	129
808	116
809	168
810	83
811	316
812	98
813	253
814	186
815	188
816	92
817	162
818	180
819	185
820	308
821	94
822	196
823	207
824	189
825	88
826	111
827	181
828	196
829	219
830	202
831	247
832	95
833	118
834	238
835	196
836	124
837	88
838	379
839	139
840	151
841	110
842	91
843	113
844	196
845	80
846	172
847	128
848	80
849	96
850	108
851	93
852	111
853	91
854	91
855	96
856	110
857	221
858	250
859	79
860	197
861	187
862	82
863	193
864	195
865	388
866	104
867	202
868	495
869	81
870	199
871	202
872	202
873	203
874	87
875	88
876	98
877	81
878	203
879	84
880	190
881	192
882	171
883	116
884	92
885	203
886	195
887	80
888	205
889	129
890	93
891	200
892	92
893	196
894	193
895	79
896	369
897	79
898	109
899	123
900	389
901	204
902	91
903	203
904	104
905	82
906	175
907	123
908	91
909	185
910	197
911	194
912	159
913	344
914	122
915	101
916	195
917	192
918	84
919	94
920	92
921	191
922	906
923	192
924	171
925	97
926	182
927	199
928	114
929	151
930	372
931	145
932	85
933	190
934	314
935	201
936	108
937	255
938	200
939	97
940	178
941	186
942	195
943	109
944	188
945	106
946	139
947	203
948	191
949	123
950	94
951	125
952	133
953	88
954	142
955	180
956	94
957	91
958	165
959	194
960	110
961	200
962	266
963	113
964	95
965	94
966	220
967	102
968	88
969	92
970	191
971	82
972	192
973	122
974	187
975	255
976	237
977	189
978	191
979	96
980	114
981	133
982	245
983	187
984	98
985	107
986	203
987	191
988	181
989	108
990	131
991	157
992	387
993	272
994	191
995	393
996	624
997	195
998	194
999	99
1000	197
1001	182
1002	101
1003	178
1004	87
1005	341
1006	233
1007	193
1008	110
1009	196
1010	392
1011	97
1012	189
1013	393
1014	188
1015	83
1016	194
1017	193
1018	91
1019	81
1020	133
1021	108
1022	190
1023	207
1024	164
1025	192
1026	193
1027	190
1028	182
1029	131
1030	96
1031	87
1032	360
1033	163
1034	129
1035	81
1036	197
1037	91
1038	98
1039	394
1040	371
1041	192
1042	188
1043	95
1044	166
1045	223
1046	90
1047	119
1048	96
1049	183
1050	201
1051	143
1052	138
1053	381
1054	194
1055	99
1056	189
1057	79
1058	232
1059	215
1060	200
1061	93
1062	1023
1063	192
1064	89
1065	186
1066	97
1067	95
1068	166
1069	95
1070	196
1071	213
1072	95
1073	657
1074	139
1075	125
1076	183
1077	108
1078	203
1079	355
1080	82
1081	89
1082	1023
1083	93
1084	201
1085	84
1086	95
1087	103
1088	184
1089	134
1090	202
1091	450
1092	118
1093	192
1094	186
1095	114
1096	183
1097	186
1098	139
1099	188
1100	271
1101	187
1102	95
1103	192
1104	219
1105	269
1106	156
1107	80
1108	159
1109	199
1110	121
1111	186
1112	120
1113	399
1114	165
1115	101
1116	117
1117	87
1118	108
1119	81
1120	168
1121	381
1122	91
1123	213
1124	91
1125	129
1126	195
1127	99
1128	163
1129	197
1130	196
1131	193
1132	197
1133	79
1134	194
1135	114
1136	192
1137	128
1138	96
1139	208
1140	369
1141	90
1142	196
1143	105
1144	214
1145	116
1146	523
1147	103
1148	167
1149	92
1150	93
1151	95
1152	189
1153	83
1154	98
1155	90
1156	82
1157	400
1158	109
1159	102
1160	80
1161	183
1162	192
1163	389
1164	186
1165	193
1166	124
1167	101
1168	92
1169	257
1170	188
1171	95
1172	193
1173	193
1174	217
1175	100
1176	119
1177	183
1178	189
1179	190
1180	344
1181	133
1182	175
1183	95
1184	187
1185	378
1186	402
1187	217
1188	207
1189	100
1190	114
1191	95
1192	97
1193	191
1194	114
1195	203
1196	315
1197	125
1198	191
1199	248
1200	197
1201	521
1202	191
1203	257
1204	193
1205	629
1206	175
1207	187
1208	341
1209	198
1210	396
1211	300
1212	186
1213	194
1214	166
1215	180
1216	187
1217	96
1218	184
1219	91
1220	95
1221	99
1222	100
1223	175
1224	214
1225	205
1226	183
1227	85
1228	105
1229	97
1230	428
1231	244
1232	387
1233	560
1234	195
1235	192
1236	189
1237	93
1238	92
1239	96
1240	193
1241	328
1242	128
1243	170
1244	202
1245	190
1246	162
1247	195
1248	194
1249	217
1250	193
1251	81
1252	206
1253	190
1254	141
1255	394
1256	96
1257	205
1258	134
1259	130
1260	186
1261	190
1262	96
1263	213
1264	234
1265	192
1266	93
1267	200
1268	110
1269	171
1270	189
1271	141
1272	85
1273	97
1274	98
1275	101
1276	173
1277	102
1278	81
1279	82
1280	91
1281	124
1282	180
1283	152
1284	200
1285	393
1286	117
1287	197
1288	197
1289	244
1290	144
1291	189
1292	142
1293	222
1294	114
1295	186
1296	92
1297	110
1298	193
1299	97
1300	197
1301	275
1302	213
1303	95
1304	92
1305	92
1306	267
1307	396
1308	390
1309	199
1310	90
1311	92
1312	198
1313	204
1314	199
1315	193
1316	132
1317	128
1318	115
1319	115
1320	202
1321	194
1322	84
1323	189
1324	189
1325	194
1326	194
1327	192
1328	124
1329	192
1330	196
1331	85
1332	194
1333	96
1334	419
1335	109
1336	192
1337	187
1338	187
1339	94
1340	103
1341	193
1342	190
1343	117
1344	202
1345	81
1346	166
1347	100
1348	135
1349	386
1350	195
1351	256
1352	277
1353	183
1354	189
1355	178
1356	146
1357	94
1358	190
1359	95
1360	183
1361	184
1362	743
1363	83
1364	112
1365	165
1366	188
1367	85
1368	201
1369	342
1370	192
1371	184
1372	253
1373	86
1374	86
1375	112
1376	176
1377	102
1378	236
1379	193
1380	89
1381	86
1382	106
1383	198
1384	177
1385	196
1386	185
1387	179
1388	89
1389	408
1390	106
1391	98
1392	194
1393	93
1394	193
1395	93
1396	491
1397	124
1398	92
1399	199
1400	190
1401	105
1402	85
1403	97
1404	292
1405	204
1406	88
1407	103
1408	199
1409	101
1410	217
1411	96
1412	196
1413	180
1414	131
1415	230
1416	433
1417	178
1418	113
1419	194
1420	589
1421	167
1422	200
1423	139
1424	197
1425	108
1426	222
1427	97
1428	191
1429	85
1430	194
1431	193
1432	353
1433	567
1434	209
1435	93
1436	317
1437	195
1438	92
1439	225
1440	189
1441	185
1442	194
1443	127
1444	205
1445	185
1446	187
1447	352
1448	138
1449	200
1450	95
1451	190
1452	136
1453	199
1454	202
1455	97
1456	247
1457	80
1458	186
1459	104
1460	98
1461	198
1462	241
1463	94
1464	129
1465	95
1466	188
1467	217
1468	193
1469	191
1470	88
1471	209
1472	167
1473	91
1474	143
1475	89
1476	143
1477	92
1478	92
1479	205
1480	95
1481	197
1482	95
1483	203
1484	262
1485	95
1486	203
1487	105
1488	207
1489	185
1490	391
1491	186
1492	122
1493	202
1494	148
1495	202
1496	229
1497	197
1498	797
1499	182
1500	188
1501	187
1502	143
1503	190
1504	200
1505	199
1506	200
1507	143
1508	185
1509	248
1510	308
1511	183
1512	90
1513	409
1514	92
1515	100
1516	203
1517	188
1518	91
1519	109
1520	99
1521	114
1522	99
1523	378
1524	93
1525	195
1526	80
1527	100
1528	192
1529	163
1530	89
1531	185
1532	188
1533	90
1534	81
1535	146
1536	388
1537	187
1538	129
1539	201
1540	200
1541	190
1542	102
1543	392
1544	258
1545	197
1546	193
1547	116
1548	394
1549	192
1550	128
1551	79
1552	85
1553	129
1554	167
1555	119
1556	113
1557	108
1558	93
1559	312
1560	190
1561	100
1562	195
1563	268
1564	187
1565	202
1566	94
1567	89
1568	91
1569	194
1570	211
1571	138
1572	203
1573	201
1574	188
1575	159
1576	387
1577	97
1578	207
1579	407
1580	194
1581	196
1582	273
1583	198
1584	139
1585	214
1586	86
1587	210
1588	117
1589	183
1590	101
1591	168
1592	215
1593	97
1594	86
1595	166
1596	191
1597	201
1598	188
1599	198
1600	186
1601	203
1602	87
1603	243
1604	262
1605	160
1606	95
1607	390
1608	313
1609	350
1610	198
1611	303
1612	187
1613	144
1614	207
1615	438
1616	256
1617	206
1618	90
1619	202
1620	128
1621	146
1622	187
1623	156
1624	201
1625	171
1626	194
1627	218
1628	86
1629	83
1630	155
1631	187
1632	141
1633	188
1634	85
1635	99
1636	196
1637	126
1638	185
1639	190
1640	368
1641	109
1642	201
1643	205
1644	184
1645	97
1646	188
1647	266
1648	152
1649	108
1650	199
1651	384
1652	89
1653	124
1654	465
1655	187
1656	231
1657	183
1658	82
1659	103
1660	99
1661	253
1662	186
1663	258
1664	189
1665	205
1666	90
1667	94
1668	190
1669	192
1670	231
1671	386
1672	192
1673	118
1674	187
1675	398
1676	92
1677	95
1678	400
1679	81
1680	92
1681	80
1682	324
1683	200
1684	141
1685	254
1686	108
1687	194
1688	247
1689	257
1690	83
1691	203
1692	193
1693	229
1694	387
1695	191
1696	98
1697	193
1698	95
1699	95
1700	231
1701	193
1702	193
1703	86
1704	100
1705	198
1706	189
1707	97
1708	398
1709	82
1710	264
1711	191
1712	125
1713	211
1714	965
1715	192
1716	197
1717	85
1718	189
1719	355
1720	154
1721	117
1722	189
1723	93
1724	95
1725	200
1726	82
1727	91
1728	129
1729	222
1730	195
1731	103
1732	80
1733	316
1734	363
1735	95
1736	100
1737	197
1738	194
1739	193
1740	142
1741	218
1742	193
1743	190
1744	196
1745	188
1746	381
1747	193
1748	157
1749	119
1750	196
1751	96
1752	216
1753	207
1754	158
1755	158
1756	190
1757	146
1758	192
1759	150
1760	139
1761	91
1762	188
1763	190
1764	96
1765	106
1766	212
1767	178
1768	195
1769	195
1770	185
1771	186
1772	95
1773	84
1774	95
1775	392
1776	408
1777	84
1778	96
1779	118
1780	383
1781	258
1782	245
1783	95
1784	401
1785	198
1786	96
1787	252
1788	100
1789	190
1790	88
1791	94
1792	199
1793	145
1794	136
1795	179
1796	193
1797	135
1798	214
1799	81
1800	197
1801	93
1802	84
1803	93
1804	191
1805	100
1806	98
1807	83
1808	83
1809	378
1810	177
1811	91
1812	95
1813	105
1814	124
1815	97
1816	95
1817	117
1818	102
1819	199
1820	108
1821	131
1822	158
1823	199
1824	187
1825	112
1826	182
1827	189
1828	201
1829	207
1830	101
1831	191
1832	206
1833	144
1834	98
1835	88
1836	113
1837	180
1838	265
1839	171
1840	145
1841	396
1842	92
1843	129
1844	376
1845	89
1846	157
1847	193
1848	153
1849	126
1850	198
1851	80
1852	199
1853	190
1854	221
1855	351
1856	82
1857	123
1858	200
1859	198
1860	273
1861	190
1862	191
1863	135
1864	197
1865	101
1866	191
1867	152
1868	355
1869	388
1870	194
1871	193
1872	102
1873	101
1874	192
1875	102
1876	189
1877	176
1878	203
1879	180
1880	87
1881	179
1882	192
1883	99
1884	200
1885	187
1886	379
1887	99
1888	175
1889	387
1890	189
1891	187
1892	192
1893	214
1894	202
1895	418
1896	162
1897	199
1898	85
1899	114
1900	183
1901	93
1902	193
1903	164
1904	95
1905	100
1906	140
1907	93
1908	200
1909	195
1910	211
1911	201
1912	130
1913	189
1914	195
1915	268
1916	127
1917	185
1918	98
1919	266
1920	89
1921	376
1922	85
1923	118
1924	181
1925	131
1926	86
1927	201
1928	122
1929	95
1930	113
1931	192
1932	194
1933	87
1934	202
1935	187
1936	115
1937	82
1938	101
1939	87
1940	637
1941	214
1942	233
1943	98
1944	153
1945	96
1946	143
1947	193
1948	114
1949	112
1950	190
1951	209
1952	193
1953	195
1954	113
1955	322
1956	139
1957	200
1958	200
1959	436
1960	103
1961	92
1962	241
1963	113
1964	411
1965	113
1966	369
1967	186
1968	207
1969	196
1970	91
1971	93
1972	123
1973	243
1974	124
1975	200
1976	194
1977	185
1978	81
1979	95
1980	88
1981	240
1982	135
1983	199
1984	351
1985	205
1986	92
1987	113
1988	79
1989	89
1990	193
1991	105
1992	105
1993	197
1994	196
1995	94
1996	81
1997	89
1998	98
1999	113
2000	194
2001	85
2002	95
2003	188
2004	151
2005	295
2006	361
2007	198
2008	98
2009	180
2010	192
2011	194
2012	120
2013	107
2014	151
2015	190
2016	258
2017	189
2018	399
2019	198
2020	89
2021	178
2022	192
2023	184
2024	191
2025	147
2026	185
2027	117
2028	176
2029	88
2030	79
2031	198
2032	182
2033	184
2034	146
2035	198
2036	193
2037	183
2038	81
2039	129
2040	83
2041	396
2042	89
2043	187
2044	99
2045	228
2046	573
2047	199
2048	195
2049	115
2050	380
2051	197
2052	196
2053	326
2054	79
2055	85
2056	157
2057	364
2058	113
2059	183
2060	111
2061	170
2062	117
2063	128
2064	193
2065	190
2066	98
2067	175
2068	397
2069	378
2070	197
2071	382
2072	191
2073	200
2074	193
2075	198
2076	186
2077	152
2078	200
2079	94
2080	82
2081	89
2082	95
2083	188
2084	141
2085	88
2086	176
2087	85
2088	95
2089	126
2090	194
2091	375
2092	87
2093	100
2094	197
2095	190
2096	234
2097	100
2098	147
2099	189
2100	167
2101	97
2102	189
2103	155
2104	194
2105	140
2106	97
2107	95
2108	401
2109	387
2110	189
2111	182
2112	96
2113	84
2114	528
2115	97
2116	100
2117	96
2118	96
2119	96
2120	112
2121	110
2122	120
2123	208
2124	208
2125	79
2126	206
2127	93
2128	197
2129	191
2130	97
2131	197
2132	121
2133	356
2134	200
2135	195
2136	194
2137	120
2138	201
2139	223
2140	91
2141	136
2142	132
2143	88
2144	161
2145	80
2146	107
2147	88
2148	188
2149	192
2150	154
2151	85
2152	106
2153	312
2154	115
2155	185
2156	88
2157	114
2158	136
2159	153
2160	201
2161	115
2162	109
2163	98
2164	120
2165	99
2166	187
2167	107
2168	191
2169	193
2170	190
2171	189
2172	95
2173	100
2174	189
2175	339
2176	190
2177	229
2178	233
2179	188
2180	106
2181	191
2182	190
2183	113
2184	89
2185	176
2186	113
2187	186
2188	91
2189	188
2190	98
2191	182
2192	181
2193	219
2194	97
2195	185
2196	119
2197	194
2198	369
2199	140
2200	379
2201	197
2202	191
2203	1023
2204	176
2205	334
2206	149
2207	197
2208	190
2209	302
2210	181
2211	198
2212	136
2213	115
2214	193
2215	199
2216	193
2217	81
2218	98
2219	189
2220	99
2221	95
2222	185
2223	133
2224	86
2225	93
2226	188
2227	185
2228	94
2229	88
2230	90
2231	209
2232	381
2233	93
2234	137
2235	157
2236	438
2237	114
2238	79
2239	391
2240	187
2241	198
2242	196
2243	207
2244	164
2245	155
2246	190
2247	153
2248	196
2249	119
2250	370
2251	89
2252	96
2253	205
2254	197
2255	186
2256	103
2257	125
2258	333
2259	161
2260	81
2261	194
2262	195
2263	222
2264	123
2265	96
2266	293
2267	389
2268	193
2269	132
2270	88
2271	182
2272	237
2273	196
2274	206
2275	231
2276	191
2277	83
2278	94
2279	204
2280	92
2281	106
2282	127
2283	370
2284	276
2285	311
2286	191
2287	198
2288	117
2289	425
2290	188
2291	196
2292	82
2293	193
2294	109
2295	207
2296	120
2297	188
2298	398
2299	88
2300	192
2301	94
2302	96
2303	128
2304	192
2305	105
2306	129
2307	97
2308	125
2309	194
2310	105
2311	179
2312	155
2313	384
2314	388
2315	199
2316	386
2317	203
2318	381
2319	497
2320	325
2321	100
2322	188
2323	121
2324	398
2325	193
2326	112
2327	95
2328	174
2329	503
2330	368
2331	94
2332	101
2333	135
2334	118
2335	237
2336	111
2337	96
2338	195
2339	381
2340	191
2341	190
2342	299
2343	90
2344	100
2345	157
2346	82
2347	237
2348	260
2349	91
2350	195
2351	190
2352	126
2353	124
2354	188
2355	187
2356	111
2357	280
2358	106
2359	95
2360	186
2361	188
2362	242
2363	199
2364	193
2365	404
2366	396
2367	219
2368	113
2369	109
2370	207
2371	110
2372	111
2373	185
2374	359
2375	89
2376	87
2377	268
2378	117
2379	138
2380	92
2381	96
2382	191
2383	182
2384	569
2385	152
2386	107
2387	185
2388	200
2389	95
2390	91
2391	279
2392	155
2393	219
2394	188
2395	270
2396	100
2397	456
2398	139
2399	100
2400	191
2401	110
2402	197
2403	135
2404	218
2405	185
2406	196
2407	188
2408	198
2409	95
2410	408
2411	398
2412	88
2413	202
2414	193
2415	189
2416	122
2417	95
2418	222
2419	189
2420	92
2421	193
2422	90
2423	81
2424	405
2425	135
2426	191
2427	192
2428	181
2429	203
2430	101
2431	233
2432	210
2433	190
2434	100
2435	206
2436	139
2437	205
2438	411
2439	192
2440	97
2441	165
2442	148
2443	194
2444	91
2445	203
2446	97
2447	91
2448	185
2449	101
2450	102
2451	92
2452	400
2453	192
2454	161
2455	194
2456	188
2457	200
2458	249
2459	105
2460	190
2461	93
2462	197
2463	546
2464	106
2465	95
2466	84
2467	144
2468	189
2469	94
2470	192
2471	385
2472	96
2473	101
2474	186
2475	194
2476	268
2477	83
2478	181
2479	201
2480	286
2481	91
2482	193
2483	134
2484	135
2485	134
2486	150
2487	116
2488	93
2489	192
2490	93
2491	201
2492	183
2493	96
2494	165
2495	189
2496	120
2497	191
2498	94
2499	186
2500	141
2501	119
2502	94
2503	382
2504	107
2505	134
2506	197
2507	186
2508	101
2509	184
2510	110
2511	193
2512	192
2513	85
2514	193
2515	138
2516	189
2517	111
2518	369
2519	194
2520	96
2521	197
2522	200
2523	177
2524	96
2525	119
2526	389
2527	96
2528	192
2529	193
2530	180
2531	95
2532	271
2533	94
2534	190
2535	115
2536	110
2537	181
2538	84
2539	189
2540	88
2541	388
2542	215
2543	184
2544	215
2545	81
2546	196
2547	197
2548	181
2549	128
2550	168
2551	389
2552	87
2553	193
2554	189
2555	165
2556	190
2557	102
2558	109
2559	115
2560	131
2561	196
2562	140
2563	94
2564	186
2565	133
2566	132
2567	81
2568	95
2569	207
2570	251
2571	142
2572	191
2573	94
2574	206
2575	166
2576	84
2577	168
2578	93
2579	88
2580	180
2581	572
2582	164
2583	187
2584	185
2585	100
2586	80
2587	192
2588	185
2589	376
2590	392
2591	87
2592	81
2593	140
2594	283
2595	106
2596	88
2597	278
2598	186
2599	92
2600	169
2601	368
2602	98
2603	96
2604	908
2605	417
2606	394
2607	202
2608	102
2609	194
2610	124
2611	187
2612	401
2613	84
2614	736
2615	141
2616	103
2617	391
2618	191
2619	80
2620	195
2621	149
2622	375
2623	201
2624	146
2625	203
2626	97
2627	192
2628	127
2629	205
2630	260
2631	197
2632	84
2633	92
2634	82
2635	192
2636	1023
2637	301
2638	193
2639	189
2640	172
2641	100
2642	190
2643	194
2644	119
2645	90
2646	173
2647	98
2648	91
2649	387
2650	207
2651	201
2652	193
2653	204
2654	128
2655	163
2656	166
2657	209
2658	187
2659	113
2660	121
2661	194
2662	207
2663	245
2664	119
2665	194
2666	186
2667	183
2668	573
2669	186
2670	95
2671	206
2672	142
2673	108
2674	96
2675	190
2676	180
2677	305
2678	295
2679	272
2680	93
2681	206
2682	239
2683	93
2684	109
2685	188
2686	184
2687	120
2688	141
2689	257
2690	239
2691	97
2692	199
2693	94
2694	196
2695	106
2696	201
2697	427
2698	190
2699	129
2700	95
2701	196
2702	198
2703	256
2704	105
2705	192
2706	99
2707	217
2708	156
2709	371
2710	418
2711	189
2712	195
2713	209
2714	102
2715	190
2716	180
2717	147
2718	90
2719	84
2720	197
2721	86
2722	210
2723	173
2724	90
2725	189
2726	116
2727	98
2728	93
2729	94
2730	299
2731	188
2732	146
2733	208
2734	393
2735	96
2736	197
2737	188
2738	185
2739	384
2740	115
2741	185
2742	138
2743	184
2744	117
2745	86
2746	381
2747	92
2748	92
2749	154
2750	198
2751	92
2752	97
2753	196
2754	190
2755	183
2756	100
2757	148
2758	238
2759	253
2760	125
2761	91
2762	103
2763	207
2764	179
2765	187
2766	81
2767	193
2768	151
2769	92
2770	93
2771	167
2772	94
2773	170
2774	192
2775	94
2776	274
2777	93
2778	95
2779	211
2780	92
2781	192
2782	92
2783	389
2784	136
2785	365
2786	393
2787	248
2788	99
2789	187
2790	369
2791	152
2792	212
2793	159
2794	184
2795	473
2796	251
2797	415
2798	191
2799	93
2800	204
2801	198
2802	96
2803	387
2804	197
2805	95
2806	161
2807	200
2808	193
2809	179
2810	190
2811	80
2812	95
2813	101
2814	195
2815	197
2816	93
2817	218
2818	205
2819	188
2820	108
2821	425
2822	105
2823	581
2824	109
2825	191
2826	184
2827	195
2828	322
2829	150
2830	197
2831	302
2832	180
2833	233
2834	103
2835	199
2836	186
2837	80
2838	186
2839	186
2840	195
2841	119
2842	133
2843	202
2844	105
2845	386
2846	99
2847	187
2848	138
2849	219
2850	88
2851	232
2852	116
2853	138
2854	198
2855	248
2856	96
2857	198
2858	98
2859	270
2860	188
2861	99
2862	196
2863	144
2864	204
2865	110
2866	179
2867	131
2868	102
2869	195
2870	103
2871	355
2872	253
2873	182
2874	178
2875	105
2876	368
2877	95
2878	100
2879	214
2880	102
2881	243
2882	125
2883	140
2884	148
2885	82
2886	183
2887	98
2888	197
2889	159
2890	189
2891	183
2892	218
2893	128
2894	102
2895	178
2896	162
2897	193
2898	90
2899	397
2900	409
2901	91
2902	124
2903	84
2904	193
2905	345
2906	186
2907	207
2908	122
2909	187
2910	166
2911	95
2912	102
2913	194
2914	174
2915	92
2916	91
2917	384
2918	88
2919	186
2920	193
2921	312
2922	187
2923	118
2924	195
2925	242
2926	183
2927	198
2928	186
2929	98
2930	187
2931	192
2932	172
2933	108
2934	109
2935	192
2936	93
2937	258
2938	141
2939	115
2940	111
2941	197
2942	93
2943	193
2944	378
2945	96
2946	196
2947	116
2948	195
2949	146
2950	192
2951	195
2952	221
2953	990
2954	195
2955	192
2956	134
2957	195
2958	147
2959	79
2960	193
2961	400
2962	186
2963	101
2964	207
2965	190
2966	88
2967	83
2968	191
2969	97
2970	201
2971	180
2972	91
2973	193
2974	615
2975	92
2976	148
2977	93
2978	382
2979	83
2980	93
2981	190
2982	228
2983	97
2984	191
2985	195
2986	91
2987	181
2988	194
2989	94
2990	205
2991	394
2992	105
2993	139
2994	98
2995	79
2996	467
2997	182
2998	193
2999	104
