Event No.	d  
0	501
1	227
2	1023
3	190
4	288
5	540
6	186
7	125
8	97
9	188
10	197
11	113
12	152
13	498
14	185
15	114
16	165
17	250
18	186
19	508
20	191
21	184
22	282
23	179
24	187
25	194
26	90
27	215
28	188
29	205
30	96
31	92
32	291
33	132
34	161
35	525
36	111
37	94
38	180
39	517
40	188
41	189
42	188
43	192
44	181
45	188
46	185
47	508
48	485
49	95
50	109
51	123
52	91
53	515
54	117
55	174
56	493
57	364
58	178
59	187
60	562
61	191
62	174
63	213
64	288
65	167
66	174
67	183
68	187
69	494
70	176
71	117
72	186
73	199
74	208
75	174
76	521
77	182
78	177
79	185
80	481
81	176
82	359
83	94
84	183
85	93
86	553
87	153
88	231
89	96
90	155
91	503
92	92
93	501
94	186
95	189
96	183
97	105
98	92
99	88
100	88
101	188
102	186
103	195
104	92
105	187
106	115
107	243
108	501
109	191
110	186
111	183
112	190
113	183
114	505
115	96
116	181
117	105
118	183
119	192
120	97
121	503
122	144
123	503
124	82
125	96
126	503
127	189
128	511
129	147
130	96
131	402
132	192
133	175
134	97
135	697
136	109
137	176
138	180
139	170
140	199
141	188
142	95
143	186
144	166
145	197
146	492
147	467
148	507
149	116
150	141
151	434
152	197
153	504
154	176
155	193
156	185
157	187
158	494
159	503
160	101
161	177
162	1023
163	187
164	502
165	164
166	182
167	1023
168	494
169	763
170	97
171	186
172	192
173	225
174	194
175	190
176	164
177	180
178	197
179	191
180	165
181	448
182	533
183	192
184	453
185	324
186	170
187	91
188	281
189	186
190	117
191	235
192	94
193	191
194	115
195	109
196	154
197	188
198	86
199	614
200	489
201	98
202	193
203	481
204	87
205	382
206	79
207	91
208	94
209	191
210	95
211	117
212	97
213	96
214	598
215	1023
216	472
217	186
218	190
219	100
220	127
221	189
222	95
223	118
224	86
225	215
226	128
227	148
228	96
229	111
230	221
231	90
232	345
233	85
234	153
235	97
236	80
237	97
238	81
239	183
240	505
241	188
242	181
243	146
244	531
245	138
246	185
247	189
248	711
249	220
250	186
251	506
252	191
253	99
254	95
255	105
256	182
257	190
258	95
259	95
260	181
261	95
262	574
263	290
264	459
265	192
266	98
267	180
268	122
269	116
270	331
271	183
272	185
273	94
274	97
275	180
276	547
277	194
278	491
279	300
280	193
281	186
282	95
283	147
284	492
285	218
286	183
287	358
288	172
289	115
290	98
291	78
292	96
293	825
294	154
295	189
296	144
297	185
298	180
299	86
300	94
301	79
302	97
303	165
304	488
305	115
306	92
307	94
308	101
309	142
310	544
311	272
312	194
313	189
314	191
315	250
316	132
317	187
318	183
319	193
320	126
321	129
322	191
323	198
324	176
325	244
326	114
327	95
328	190
329	98
330	191
331	463
332	190
333	99
334	189
335	1023
336	120
337	114
338	229
339	157
340	84
341	151
342	205
343	493
344	188
345	193
346	192
347	327
348	169
349	192
350	221
351	107
352	91
353	150
354	96
355	107
356	117
357	94
358	195
359	128
360	421
361	146
362	187
363	193
364	148
365	191
366	189
367	98
368	101
369	191
370	281
371	512
372	522
373	79
374	191
375	192
376	195
377	138
378	181
379	522
380	105
381	188
382	112
383	104
384	193
385	207
386	971
387	195
388	370
389	143
390	191
391	188
392	140
393	187
394	194
395	130
396	259
397	115
398	94
399	190
400	159
401	190
402	1023
403	137
404	227
405	190
406	504
407	185
408	139
409	500
410	625
411	98
412	183
413	380
414	80
415	1023
416	501
417	155
418	108
419	445
420	193
421	324
422	519
423	1023
424	493
425	121
426	85
427	528
428	449
429	186
430	191
431	181
432	499
433	282
434	248
435	171
436	97
437	185
438	188
439	406
440	81
441	129
442	190
443	330
444	203
445	191
446	142
447	180
448	324
449	191
450	195
451	98
452	174
453	1023
454	624
455	189
456	275
457	414
458	95
459	195
460	490
461	183
462	86
463	510
464	91
465	191
466	188
467	194
468	157
469	95
470	196
471	99
472	90
473	182
474	189
475	500
476	98
477	497
478	142
479	115
480	515
481	195
482	89
483	98
484	201
485	206
486	187
487	191
488	194
489	910
490	97
491	194
492	120
493	205
494	220
495	96
496	86
497	150
498	89
499	190
500	321
501	192
502	300
503	139
504	441
505	86
506	97
507	191
508	190
509	159
510	520
511	192
512	189
513	96
514	86
515	121
516	150
517	241
518	113
519	193
520	94
521	511
522	186
523	105
524	98
525	193
526	89
527	112
528	184
529	120
530	188
531	524
532	99
533	331
534	98
535	128
536	240
537	225
538	102
539	137
540	194
541	190
542	88
543	100
544	193
545	727
546	104
547	192
548	160
549	190
550	397
551	273
552	190
553	171
554	90
555	101
556	113
557	589
558	118
559	192
560	195
561	91
562	103
563	99
564	191
565	190
566	192
567	97
568	95
569	120
570	204
571	194
572	187
573	488
574	1023
575	174
576	515
577	139
578	192
579	97
580	995
581	99
582	523
583	192
584	142
585	201
586	194
587	201
588	98
589	86
590	192
591	1023
592	192
593	95
594	569
595	173
596	190
597	194
598	194
599	282
600	81
601	214
602	494
603	381
604	84
605	94
606	122
607	195
608	189
609	160
610	190
611	507
612	336
613	546
614	139
615	193
616	168
617	194
618	325
619	223
620	615
621	191
622	103
623	189
624	330
625	99
626	190
627	100
628	98
629	189
630	213
631	192
632	120
633	131
634	87
635	98
636	199
637	152
638	472
639	100
640	88
641	122
642	512
643	186
644	326
645	83
646	499
647	99
648	525
649	118
650	199
651	155
652	220
653	173
654	163
655	510
656	256
657	89
658	105
659	122
660	191
661	353
662	104
663	288
664	254
665	137
666	196
667	97
668	190
669	528
670	174
671	98
672	187
673	191
674	97
675	505
676	482
677	103
678	524
679	196
680	110
681	517
682	98
683	446
684	82
685	179
686	101
687	216
688	192
689	583
690	104
691	198
692	95
693	206
694	190
695	525
696	187
697	87
698	472
699	99
700	113
701	187
702	82
703	638
704	213
705	256
706	142
707	195
708	86
709	315
710	831
711	520
712	191
713	103
714	86
715	530
716	183
717	430
718	172
719	171
720	104
721	189
722	144
723	151
724	502
725	116
726	518
727	545
728	188
729	190
730	197
731	191
732	1023
733	184
734	101
735	189
736	498
737	192
738	159
739	421
740	119
741	106
742	189
743	508
744	196
745	192
746	523
747	501
748	522
749	97
750	207
751	191
752	100
753	93
754	187
755	197
756	201
757	153
758	193
759	207
760	520
761	98
762	195
763	512
764	170
765	239
766	194
767	194
768	554
769	261
770	82
771	255
772	188
773	181
774	434
775	189
776	195
777	181
778	197
779	520
780	109
781	92
782	114
783	256
784	98
785	194
786	158
787	190
788	184
789	194
790	87
791	188
792	190
793	169
794	101
795	95
796	388
797	185
798	326
799	91
800	190
801	89
802	202
803	272
804	187
805	191
806	194
807	507
808	190
809	226
810	128
811	199
812	95
813	95
814	225
815	506
816	188
817	215
818	510
819	191
820	96
821	101
822	1023
823	161
824	496
825	127
826	187
827	192
828	195
829	503
830	123
831	425
832	572
833	509
834	96
835	82
836	195
837	116
838	83
839	132
840	292
841	997
842	197
843	86
844	184
845	96
846	242
847	238
848	190
849	190
850	188
851	524
852	188
853	190
854	480
855	460
856	752
857	517
858	135
859	460
860	522
861	408
862	529
863	97
864	109
865	189
866	190
867	95
868	497
869	102
870	187
871	189
872	164
873	121
874	193
875	178
876	160
877	192
878	209
879	96
880	478
881	422
882	100
883	94
884	190
885	107
886	187
887	160
888	137
889	193
890	199
891	533
892	466
893	482
894	124
895	603
896	99
897	130
898	103
899	92
900	189
901	193
902	437
903	144
904	192
905	192
906	102
907	80
908	193
909	197
910	94
911	100
912	523
913	230
914	191
915	184
916	96
917	555
918	194
919	185
920	501
921	550
922	187
923	195
924	119
925	108
926	193
927	81
928	163
929	509
930	287
931	118
932	99
933	295
934	97
935	190
936	104
937	491
938	98
939	527
940	198
941	187
942	337
943	368
944	89
945	286
946	542
947	192
948	153
949	182
950	199
951	99
952	506
953	189
954	94
955	197
956	195
957	530
958	208
959	521
960	1023
961	214
962	94
963	305
964	191
965	186
966	103
967	466
968	94
969	196
970	99
971	110
972	714
973	196
974	95
975	524
976	789
977	89
978	99
979	97
980	192
981	90
982	189
983	586
984	111
985	98
986	550
987	100
988	163
989	156
990	103
991	486
992	548
993	186
994	189
995	96
996	99
997	95
998	194
999	79
1000	509
1001	99
1002	195
1003	220
1004	89
1005	509
1006	84
1007	192
1008	186
1009	187
1010	190
1011	187
1012	504
1013	199
1014	191
1015	86
1016	403
1017	97
1018	199
1019	129
1020	184
1021	167
1022	193
1023	99
1024	180
1025	105
1026	196
1027	192
1028	508
1029	99
1030	190
1031	191
1032	305
1033	199
1034	136
1035	195
1036	80
1037	191
1038	191
1039	98
1040	180
1041	138
1042	521
1043	189
1044	98
1045	188
1046	198
1047	99
1048	214
1049	375
1050	191
1051	193
1052	460
1053	524
1054	137
1055	1023
1056	99
1057	107
1058	220
1059	186
1060	97
1061	192
1062	121
1063	192
1064	83
1065	282
1066	189
1067	98
1068	96
1069	205
1070	101
1071	195
1072	222
1073	201
1074	188
1075	185
1076	231
1077	98
1078	195
1079	96
1080	515
1081	194
1082	154
1083	526
1084	179
1085	258
1086	98
1087	123
1088	535
1089	189
1090	187
1091	93
1092	98
1093	170
1094	503
1095	186
1096	242
1097	95
1098	94
1099	487
1100	505
1101	100
1102	539
1103	192
1104	91
1105	194
1106	226
1107	89
1108	192
1109	98
1110	217
1111	93
1112	92
1113	373
1114	192
1115	505
1116	187
1117	188
1118	141
1119	197
1120	531
1121	192
1122	195
1123	120
1124	428
1125	97
1126	190
1127	190
1128	99
1129	216
1130	134
1131	89
1132	100
1133	191
1134	246
1135	198
1136	111
1137	151
1138	95
1139	190
1140	198
1141	200
1142	189
1143	92
1144	176
1145	198
1146	483
1147	184
1148	96
1149	133
1150	191
1151	200
1152	145
1153	110
1154	195
1155	137
1156	119
1157	522
1158	194
1159	384
1160	195
1161	192
1162	194
1163	189
1164	531
1165	95
1166	199
1167	108
1168	232
1169	88
1170	506
1171	522
1172	98
1173	510
1174	194
1175	136
1176	104
1177	213
1178	205
1179	192
1180	196
1181	106
1182	154
1183	196
1184	99
1185	97
1186	195
1187	102
1188	775
1189	202
1190	435
1191	187
1192	108
1193	199
1194	107
1195	185
1196	101
1197	101
1198	189
1199	92
1200	99
1201	440
1202	526
1203	94
1204	111
1205	99
1206	98
1207	117
1208	191
1209	189
1210	110
1211	193
1212	105
1213	199
1214	158
1215	214
1216	90
1217	535
1218	531
1219	301
1220	195
1221	205
1222	200
1223	93
1224	158
1225	86
1226	538
1227	86
1228	199
1229	107
1230	93
1231	198
1232	511
1233	200
1234	190
1235	202
1236	203
1237	205
1238	155
1239	689
1240	584
1241	190
1242	131
1243	102
1244	160
1245	198
1246	252
1247	524
1248	104
1249	637
1250	198
1251	257
1252	711
1253	193
1254	204
1255	200
1256	204
1257	190
1258	99
1259	103
1260	124
1261	200
1262	198
1263	200
1264	321
1265	203
1266	99
1267	149
1268	200
1269	196
1270	98
1271	377
1272	201
1273	114
1274	335
1275	242
1276	195
1277	193
1278	196
1279	114
1280	89
1281	589
1282	97
1283	197
1284	648
1285	149
1286	528
1287	103
1288	126
1289	210
1290	104
1291	96
1292	99
1293	209
1294	117
1295	564
1296	148
1297	104
1298	199
1299	125
1300	206
1301	101
1302	125
1303	125
1304	636
1305	96
1306	206
1307	121
1308	528
1309	212
1310	108
1311	105
1312	178
1313	278
1314	225
1315	212
1316	198
1317	103
1318	193
1319	210
1320	202
1321	512
1322	537
1323	191
1324	107
1325	935
1326	108
1327	233
1328	137
1329	192
1330	201
1331	199
1332	1023
1333	184
1334	546
1335	135
1336	214
1337	199
1338	172
1339	197
1340	199
1341	203
1342	521
1343	192
1344	108
1345	113
1346	100
1347	100
1348	198
1349	538
1350	268
1351	196
1352	417
1353	139
1354	210
1355	100
1356	586
1357	153
1358	238
1359	198
1360	323
1361	100
1362	200
1363	522
1364	188
1365	197
1366	108
1367	85
1368	108
1369	463
1370	203
1371	540
1372	156
1373	495
1374	528
1375	103
1376	196
1377	80
1378	82
1379	267
1380	263
1381	96
1382	522
1383	512
1384	138
1385	100
1386	442
1387	203
1388	201
1389	130
1390	103
1391	202
1392	204
1393	201
1394	200
1395	291
1396	100
1397	179
1398	154
1399	196
1400	541
1401	207
1402	536
1403	267
1404	1017
1405	102
1406	200
1407	86
1408	94
1409	125
1410	105
1411	199
1412	200
1413	160
1414	112
1415	196
1416	140
1417	95
1418	199
1419	234
1420	327
1421	201
1422	225
1423	85
1424	624
1425	96
1426	208
1427	135
1428	118
1429	205
1430	187
1431	189
1432	202
1433	545
1434	201
1435	196
1436	103
1437	83
1438	90
1439	97
1440	193
1441	198
1442	198
1443	201
1444	200
1445	197
1446	203
1447	216
1448	200
1449	99
1450	315
1451	154
1452	436
1453	241
1454	200
1455	192
1456	79
1457	196
1458	200
1459	204
1460	104
1461	196
1462	270
1463	207
1464	136
1465	545
1466	146
1467	102
1468	83
1469	207
1470	89
1471	103
1472	123
1473	206
1474	196
1475	199
1476	552
1477	540
1478	240
1479	514
1480	156
1481	190
1482	968
1483	102
1484	199
1485	252
1486	541
1487	200
1488	85
1489	129
1490	130
1491	203
1492	199
1493	196
1494	197
1495	81
1496	558
1497	197
1498	694
1499	205
1500	226
1501	197
1502	210
1503	199
1504	162
1505	217
1506	201
1507	97
1508	191
1509	181
1510	199
1511	198
1512	191
1513	215
1514	540
1515	195
1516	106
1517	109
1518	100
1519	194
1520	211
1521	541
1522	229
1523	195
1524	207
1525	215
1526	102
1527	231
1528	85
1529	329
1530	197
1531	191
1532	99
1533	719
1534	169
1535	286
1536	83
1537	168
1538	102
1539	213
1540	95
1541	735
1542	100
1543	189
1544	95
1545	183
1546	202
1547	107
1548	97
1549	582
1550	99
1551	545
1552	205
1553	131
1554	98
1555	107
1556	139
1557	196
1558	547
1559	204
1560	174
1561	307
1562	98
1563	96
1564	194
1565	99
1566	267
1567	178
1568	193
1569	123
1570	93
1571	89
1572	199
1573	92
1574	209
1575	193
1576	105
1577	199
1578	87
1579	167
1580	196
1581	516
1582	98
1583	193
1584	196
1585	104
1586	202
1587	187
1588	97
1589	201
1590	188
1591	196
1592	227
1593	139
1594	86
1595	831
1596	106
1597	133
1598	101
1599	495
1600	192
1601	96
1602	203
1603	99
1604	186
1605	196
1606	695
1607	199
1608	84
1609	98
1610	169
1611	824
1612	644
1613	112
1614	112
1615	200
1616	539
1617	189
1618	110
1619	273
1620	194
1621	195
1622	193
1623	207
1624	178
1625	206
1626	205
1627	196
1628	433
1629	136
1630	124
1631	554
1632	140
1633	101
1634	329
1635	207
1636	103
1637	95
1638	144
1639	295
1640	200
1641	201
1642	199
1643	99
1644	132
1645	106
1646	208
1647	134
1648	200
1649	103
1650	527
1651	204
1652	210
1653	196
1654	195
1655	546
1656	203
1657	123
1658	141
1659	213
1660	187
1661	97
1662	194
1663	210
1664	91
1665	101
1666	191
1667	82
1668	100
1669	99
1670	103
1671	84
1672	554
1673	1023
1674	190
1675	610
1676	192
1677	105
1678	88
1679	195
1680	103
1681	506
1682	187
1683	522
1684	206
1685	202
1686	102
1687	161
1688	195
1689	186
1690	216
1691	186
1692	195
1693	196
1694	299
1695	92
1696	118
1697	195
1698	196
1699	193
1700	204
1701	102
1702	195
1703	118
1704	190
1705	195
1706	154
1707	200
1708	116
1709	193
1710	331
1711	521
1712	115
1713	531
1714	197
1715	198
1716	100
1717	249
1718	530
1719	107
1720	89
1721	196
1722	141
1723	85
1724	98
1725	143
1726	197
1727	392
1728	197
1729	98
1730	530
1731	191
1732	197
1733	204
1734	219
1735	156
1736	197
1737	194
1738	128
1739	201
1740	190
1741	397
1742	198
1743	100
1744	201
1745	90
1746	199
1747	608
1748	101
1749	509
1750	104
1751	103
1752	201
1753	92
1754	202
1755	730
1756	196
1757	568
1758	98
1759	106
1760	197
1761	97
1762	142
1763	135
1764	544
1765	203
1766	100
1767	84
1768	98
1769	194
1770	154
1771	103
1772	198
1773	446
1774	102
1775	144
1776	198
1777	403
1778	194
1779	213
1780	140
1781	432
1782	193
1783	190
1784	187
1785	95
1786	80
1787	390
1788	195
1789	194
1790	115
1791	195
1792	374
1793	188
1794	147
1795	99
1796	82
1797	198
1798	196
1799	85
1800	195
1801	195
1802	196
1803	88
1804	194
1805	208
1806	189
1807	264
1808	99
1809	197
1810	192
1811	197
1812	205
1813	511
1814	100
1815	193
1816	193
1817	495
1818	680
1819	188
1820	201
1821	181
1822	512
1823	184
1824	535
1825	99
1826	213
1827	98
1828	101
1829	195
1830	186
1831	195
1832	100
1833	100
1834	188
1835	95
1836	199
1837	192
1838	305
1839	200
1840	96
1841	150
1842	771
1843	163
1844	99
1845	535
1846	373
1847	196
1848	190
1849	196
1850	451
1851	103
1852	91
1853	97
1854	149
1855	194
1856	194
1857	197
1858	1023
1859	101
1860	531
1861	196
1862	85
1863	193
1864	267
1865	199
1866	683
1867	189
1868	190
1869	526
1870	528
1871	337
1872	118
1873	176
1874	197
1875	98
1876	134
1877	353
1878	195
1879	98
1880	196
1881	185
1882	189
1883	97
1884	193
1885	202
1886	588
1887	659
1888	101
1889	98
1890	185
1891	264
1892	131
1893	482
1894	520
1895	191
1896	135
1897	86
1898	99
1899	183
1900	238
1901	79
1902	104
1903	195
1904	97
1905	432
1906	90
1907	119
1908	199
1909	529
1910	196
1911	416
1912	99
1913	194
1914	196
1915	206
1916	685
1917	134
1918	114
1919	190
1920	206
1921	516
1922	519
1923	83
1924	190
1925	351
1926	98
1927	204
1928	518
1929	189
1930	192
1931	198
1932	319
1933	84
1934	198
1935	512
1936	108
1937	531
1938	197
1939	209
1940	194
1941	195
1942	206
1943	175
1944	198
1945	101
1946	113
1947	188
1948	613
1949	552
1950	195
1951	523
1952	187
1953	100
1954	190
1955	204
1956	97
1957	216
1958	196
1959	192
1960	195
1961	197
1962	109
1963	84
1964	181
1965	188
1966	228
1967	529
1968	193
1969	547
1970	139
1971	191
1972	79
1973	470
1974	194
1975	186
1976	105
1977	86
1978	191
1979	194
1980	96
1981	512
1982	469
1983	85
1984	94
1985	190
1986	448
1987	133
1988	182
1989	90
1990	113
1991	187
1992	497
1993	186
1994	459
1995	189
1996	552
1997	561
1998	187
1999	88
2000	88
2001	199
2002	193
2003	89
2004	192
2005	386
2006	190
2007	192
2008	101
2009	443
2010	193
2011	145
2012	189
2013	193
2014	181
2015	124
2016	99
2017	154
2018	510
2019	187
2020	103
2021	193
2022	94
2023	200
2024	99
2025	96
2026	121
2027	81
2028	142
2029	83
2030	187
2031	423
2032	95
2033	171
2034	99
2035	174
2036	513
2037	189
2038	86
2039	499
2040	190
2041	188
2042	196
2043	198
2044	90
2045	80
2046	188
2047	189
2048	271
2049	171
2050	97
2051	90
2052	507
2053	193
2054	448
2055	522
2056	519
2057	95
2058	87
2059	118
2060	257
2061	175
2062	203
2063	93
2064	192
2065	86
2066	131
2067	195
2068	192
2069	185
2070	490
2071	200
2072	98
2073	95
2074	200
2075	193
2076	97
2077	90
2078	192
2079	103
2080	260
2081	466
2082	192
2083	193
2084	175
2085	93
2086	524
2087	332
2088	99
2089	79
2090	147
2091	79
2092	179
2093	194
2094	189
2095	509
2096	196
2097	193
2098	92
2099	190
2100	182
2101	91
2102	80
2103	193
2104	257
2105	92
2106	234
2107	184
2108	183
2109	190
2110	98
2111	89
2112	185
2113	90
2114	99
2115	100
2116	503
2117	167
2118	195
2119	95
2120	87
2121	453
2122	191
2123	127
2124	500
2125	194
2126	338
2127	117
2128	513
2129	195
2130	101
2131	184
2132	191
2133	107
2134	934
2135	186
2136	137
2137	184
2138	525
2139	189
2140	107
2141	214
2142	228
2143	96
2144	177
2145	92
2146	907
2147	505
2148	473
2149	82
2150	514
2151	391
2152	193
2153	92
2154	177
2155	190
2156	461
2157	529
2158	102
2159	514
2160	187
2161	534
2162	97
2163	114
2164	207
2165	191
2166	100
2167	189
2168	189
2169	518
2170	92
2171	96
2172	181
2173	185
2174	116
2175	179
2176	193
2177	138
2178	1023
2179	125
2180	94
2181	135
2182	188
2183	579
2184	81
2185	186
2186	181
2187	198
2188	98
2189	192
2190	509
2191	99
2192	222
2193	176
2194	186
2195	92
2196	98
2197	186
2198	188
2199	304
2200	88
2201	173
2202	96
2203	230
2204	180
2205	187
2206	187
2207	131
2208	190
2209	614
2210	300
2211	182
2212	129
2213	194
2214	520
2215	185
2216	96
2217	132
2218	94
2219	150
2220	192
2221	182
2222	480
2223	92
2224	181
2225	192
2226	119
2227	187
2228	96
2229	188
2230	93
2231	83
2232	233
2233	532
2234	265
2235	185
2236	180
2237	192
2238	186
2239	117
2240	383
2241	108
2242	183
2243	93
2244	803
2245	90
2246	501
2247	186
2248	518
2249	313
2250	185
2251	127
2252	187
2253	125
2254	414
2255	190
2256	99
2257	81
2258	95
2259	190
2260	220
2261	96
2262	94
2263	174
2264	124
2265	125
2266	194
2267	188
2268	180
2269	90
2270	103
2271	466
2272	739
2273	184
2274	437
2275	187
2276	229
2277	232
2278	514
2279	520
2280	193
2281	182
2282	511
2283	487
2284	431
2285	184
2286	331
2287	103
2288	185
2289	498
2290	190
2291	138
2292	186
2293	176
2294	195
2295	216
2296	90
2297	190
2298	182
2299	140
2300	184
2301	100
2302	94
2303	85
2304	174
2305	189
2306	552
2307	190
2308	191
2309	170
2310	170
2311	96
2312	358
2313	174
2314	482
2315	188
2316	172
2317	174
2318	86
2319	200
2320	300
2321	484
2322	212
2323	544
2324	398
2325	702
2326	183
2327	187
2328	118
2329	178
2330	191
2331	530
2332	188
2333	477
2334	189
2335	298
2336	509
2337	1023
2338	181
2339	95
2340	425
2341	185
2342	188
2343	1023
2344	185
2345	184
2346	101
2347	365
2348	182
2349	91
2350	98
2351	195
2352	102
2353	184
2354	187
2355	107
2356	512
2357	350
2358	179
2359	85
2360	167
2361	190
2362	182
2363	1023
2364	185
2365	106
2366	489
2367	179
2368	176
2369	186
2370	755
2371	173
2372	97
2373	180
2374	183
2375	187
2376	103
2377	190
2378	96
2379	516
2380	183
2381	88
2382	451
2383	184
2384	139
2385	181
2386	79
2387	193
2388	169
2389	98
2390	308
2391	88
2392	204
2393	494
2394	454
2395	178
2396	95
2397	127
2398	186
2399	246
2400	96
2401	108
2402	180
2403	182
2404	201
2405	173
2406	297
2407	106
2408	184
2409	240
2410	97
2411	187
2412	197
2413	81
2414	190
2415	162
2416	552
2417	701
2418	94
2419	82
2420	188
2421	96
2422	187
2423	450
2424	711
2425	193
2426	95
2427	187
2428	192
2429	100
2430	853
2431	488
2432	102
2433	118
2434	167
2435	180
2436	187
2437	117
2438	186
2439	181
2440	197
2441	503
2442	184
2443	177
2444	181
2445	185
2446	167
2447	91
2448	411
2449	190
2450	487
2451	184
2452	122
2453	194
2454	192
2455	187
2456	189
2457	111
2458	95
2459	181
2460	82
2461	173
2462	189
2463	185
2464	96
2465	293
2466	534
2467	96
2468	184
2469	184
2470	204
2471	190
2472	519
2473	542
2474	181
2475	186
2476	185
2477	96
2478	187
2479	89
2480	179
2481	123
2482	153
2483	733
2484	90
2485	188
2486	190
2487	188
2488	230
2489	376
2490	497
2491	87
2492	199
2493	189
2494	208
2495	186
2496	729
2497	312
2498	180
2499	96
2500	91
2501	185
2502	191
2503	154
2504	94
2505	90
2506	180
2507	182
2508	179
2509	94
2510	186
2511	1023
2512	190
2513	568
2514	83
2515	389
2516	163
2517	191
2518	617
2519	132
2520	189
2521	96
2522	95
2523	128
2524	336
2525	98
2526	398
2527	184
2528	96
2529	189
2530	107
2531	205
2532	193
2533	511
2534	136
2535	92
2536	374
2537	416
2538	100
2539	181
2540	499
2541	111
2542	502
2543	83
2544	186
2545	187
2546	515
2547	94
2548	86
2549	177
2550	84
2551	99
2552	252
2553	190
2554	188
2555	182
2556	186
2557	188
2558	218
2559	184
2560	528
2561	634
2562	99
2563	423
2564	509
2565	94
2566	173
2567	92
2568	1023
2569	96
2570	167
2571	106
2572	515
2573	191
2574	90
2575	94
2576	560
2577	952
2578	189
2579	189
2580	192
2581	168
2582	86
2583	177
2584	186
2585	380
2586	163
2587	334
2588	161
2589	311
2590	88
2591	192
2592	93
2593	495
2594	181
2595	87
2596	188
2597	94
2598	191
2599	133
2600	99
2601	115
2602	180
2603	186
2604	184
2605	180
2606	177
2607	1006
2608	106
2609	163
2610	181
2611	191
2612	193
2613	93
2614	181
2615	480
2616	80
2617	184
2618	237
2619	281
2620	188
2621	98
2622	206
2623	137
2624	193
2625	91
2626	189
2627	250
2628	85
2629	218
2630	177
2631	200
2632	97
2633	109
2634	185
2635	92
2636	138
2637	118
2638	102
2639	178
2640	95
2641	93
2642	200
2643	1023
2644	94
2645	93
2646	190
2647	181
2648	186
2649	122
2650	185
2651	284
2652	195
2653	192
2654	515
2655	201
2656	208
2657	190
2658	80
2659	487
2660	92
2661	183
2662	518
2663	185
2664	218
2665	90
2666	470
2667	186
2668	379
2669	104
2670	189
2671	187
2672	190
2673	189
2674	516
2675	142
2676	936
2677	94
2678	115
2679	92
2680	198
2681	452
2682	493
2683	328
2684	195
2685	192
2686	195
2687	191
2688	880
2689	91
2690	183
2691	162
2692	368
2693	154
2694	433
2695	189
2696	155
2697	1023
2698	212
2699	194
2700	177
2701	90
2702	97
2703	179
2704	185
2705	195
2706	167
2707	148
2708	498
2709	191
2710	99
2711	185
2712	519
2713	186
2714	97
2715	93
2716	103
2717	519
2718	99
2719	85
2720	152
2721	189
2722	156
2723	188
2724	515
2725	193
2726	104
2727	187
2728	194
2729	185
2730	181
2731	192
2732	203
2733	183
2734	165
2735	90
2736	190
2737	105
2738	95
2739	480
2740	88
2741	181
2742	266
2743	186
2744	189
2745	514
2746	215
2747	87
2748	396
2749	99
2750	111
2751	183
2752	187
2753	193
2754	194
2755	186
2756	164
2757	98
2758	87
2759	119
2760	92
2761	135
2762	191
2763	194
2764	188
2765	1023
2766	1023
2767	103
2768	226
2769	188
2770	194
2771	191
2772	99
2773	516
2774	216
2775	122
2776	133
2777	94
2778	217
2779	187
2780	191
2781	308
2782	94
2783	145
2784	194
2785	187
2786	94
2787	193
2788	186
2789	186
2790	290
2791	99
2792	530
2793	654
2794	497
2795	86
2796	179
2797	187
2798	196
2799	205
2800	244
2801	242
2802	143
2803	115
2804	79
2805	183
2806	196
2807	181
2808	89
2809	79
2810	155
2811	392
2812	119
2813	100
2814	214
2815	124
2816	496
2817	521
2818	190
2819	97
2820	185
2821	1023
2822	98
2823	194
2824	187
2825	84
2826	399
2827	507
2828	779
2829	185
2830	1023
2831	90
2832	83
2833	207
2834	126
2835	195
2836	501
2837	121
2838	713
2839	90
2840	192
2841	195
2842	197
2843	200
2844	199
2845	189
2846	159
2847	210
2848	197
2849	193
2850	96
2851	104
2852	280
2853	201
2854	191
2855	200
2856	271
2857	183
2858	163
2859	197
2860	205
2861	195
2862	193
2863	191
2864	522
2865	190
2866	1023
2867	187
2868	137
2869	210
2870	101
2871	193
2872	99
2873	199
2874	200
2875	194
2876	526
2877	182
2878	189
2879	195
2880	187
2881	200
2882	99
2883	195
2884	169
2885	103
2886	137
2887	820
2888	504
2889	221
2890	83
2891	192
2892	520
2893	92
2894	199
2895	967
2896	192
2897	181
2898	97
2899	187
2900	192
2901	204
2902	192
2903	96
2904	553
2905	177
2906	109
2907	234
2908	96
2909	193
2910	193
2911	85
2912	92
2913	97
2914	103
2915	539
2916	95
2917	120
2918	197
2919	199
2920	98
2921	101
2922	197
2923	85
2924	194
2925	276
2926	197
2927	750
2928	194
2929	193
2930	219
2931	244
2932	100
2933	491
2934	194
2935	96
2936	337
2937	99
2938	153
2939	200
2940	79
2941	99
2942	191
2943	190
2944	202
2945	195
2946	194
2947	193
2948	174
2949	925
2950	557
2951	199
2952	205
2953	498
2954	100
2955	110
2956	196
2957	139
2958	531
2959	94
2960	109
2961	536
2962	100
2963	198
2964	526
2965	230
2966	96
2967	193
2968	198
2969	197
2970	252
2971	895
2972	202
2973	194
2974	520
2975	99
2976	145
2977	516
2978	194
2979	197
2980	346
2981	197
2982	487
2983	200
2984	289
2985	94
2986	192
2987	194
2988	89
2989	120
2990	198
2991	130
2992	197
2993	98
2994	208
2995	202
2996	479
2997	104
2998	375
2999	544
