Event No.	d  
0	147
1	157
2	269
3	148
4	134
5	118
6	313
7	105
8	146
9	144
10	149
11	225
12	149
13	144
14	146
15	180
16	152
17	219
18	364
19	103
20	100
21	219
22	108
23	847
24	149
25	212
26	154
27	143
28	155
29	141
30	98
31	118
32	109
33	227
34	131
35	614
36	207
37	148
38	118
39	138
40	148
41	149
42	157
43	144
44	144
45	148
46	194
47	134
48	217
49	544
50	144
51	129
52	142
53	149
54	135
55	411
56	232
57	147
58	148
59	173
60	191
61	126
62	81
63	102
64	148
65	144
66	92
67	140
68	485
69	142
70	116
71	309
72	780
73	182
74	146
75	139
76	123
77	145
78	224
79	151
80	133
81	142
82	145
83	99
84	129
85	130
86	139
87	97
88	229
89	158
90	145
91	111
92	157
93	144
94	140
95	140
96	1023
97	1023
98	150
99	96
100	148
101	144
102	98
103	145
104	145
105	145
106	149
107	408
108	638
109	160
110	142
111	726
112	142
113	137
114	451
115	148
116	148
117	150
118	91
119	146
120	83
121	150
122	97
123	277
124	142
125	120
126	100
127	101
128	145
129	209
130	145
131	145
132	172
133	150
134	169
135	90
136	147
137	144
138	106
139	132
140	97
141	148
142	149
143	114
144	86
145	106
146	124
147	105
148	206
149	562
150	131
151	356
152	149
153	142
154	142
155	144
156	154
157	402
158	123
159	297
160	134
161	145
162	225
163	150
164	149
165	92
166	108
167	156
168	86
169	147
170	191
171	1023
172	116
173	145
174	106
175	173
176	104
177	224
178	145
179	214
180	145
181	150
182	159
183	102
184	102
185	140
186	141
187	395
188	146
189	145
190	150
191	147
192	225
193	251
194	143
195	96
196	625
197	195
198	185
199	93
200	139
201	121
202	109
203	110
204	106
205	142
206	147
207	312
208	177
209	148
210	165
211	144
212	145
213	106
214	147
215	157
216	103
217	85
218	101
219	608
220	145
221	108
222	107
223	142
224	383
225	238
226	113
227	147
228	84
229	247
230	152
231	108
232	209
233	149
234	154
235	143
236	109
237	137
238	107
239	1012
240	144
241	111
242	311
243	148
244	155
245	226
246	167
247	143
248	227
249	223
250	223
251	117
252	107
253	217
254	152
255	147
256	147
257	219
258	142
259	146
260	143
261	123
262	143
263	185
264	119
265	92
266	150
267	1023
268	828
269	186
270	160
271	144
272	86
273	170
274	218
275	144
276	362
277	193
278	141
279	106
280	141
281	146
282	148
283	147
284	158
285	168
286	182
287	98
288	148
289	219
290	143
291	214
292	178
293	148
294	130
295	214
296	103
297	202
298	194
299	160
300	95
301	105
302	150
303	166
304	147
305	269
306	142
307	775
308	207
309	148
310	86
311	145
312	220
313	222
314	140
315	107
316	325
317	106
318	107
319	148
320	141
321	130
322	167
323	142
324	140
325	189
326	140
327	143
328	101
329	138
330	145
331	459
332	149
333	98
334	160
335	147
336	319
337	170
338	104
339	88
340	146
341	139
342	779
343	110
344	113
345	134
346	137
347	98
348	142
349	144
350	93
351	222
352	107
353	144
354	211
355	242
356	209
357	152
358	139
359	215
360	98
361	141
362	140
363	120
364	224
365	140
366	295
367	86
368	106
369	340
370	105
371	108
372	142
373	109
374	91
375	141
376	132
377	324
378	120
379	305
380	145
381	143
382	158
383	142
384	141
385	87
386	140
387	140
388	103
389	214
390	104
391	140
392	145
393	135
394	141
395	109
396	170
397	335
398	152
399	83
400	144
401	137
402	147
403	118
404	142
405	96
406	165
407	177
408	87
409	225
410	139
411	89
412	174
413	208
414	141
415	104
416	222
417	134
418	295
419	218
420	205
421	93
422	139
423	134
424	145
425	94
426	134
427	128
428	106
429	249
430	144
431	338
432	125
433	143
434	143
435	141
436	145
437	144
438	682
439	214
440	260
441	141
442	93
443	117
444	149
445	146
446	152
447	110
448	108
449	138
450	114
451	106
452	204
453	141
454	146
455	151
456	82
457	149
458	106
459	136
460	106
461	104
462	147
463	82
464	141
465	168
466	108
467	148
468	111
469	155
470	129
471	306
472	101
473	102
474	147
475	196
476	1023
477	143
478	142
479	270
480	209
481	225
482	216
483	139
484	101
485	137
486	108
487	84
488	86
489	186
490	132
491	113
492	466
493	174
494	292
495	143
496	103
497	144
498	213
499	109
500	142
501	442
502	114
503	203
504	140
505	142
506	645
507	102
508	141
509	139
510	157
511	206
512	101
513	1023
514	82
515	143
516	124
517	142
518	233
519	142
520	139
521	102
522	138
523	155
524	81
525	147
526	411
527	138
528	226
529	221
530	109
531	145
532	141
533	105
534	103
535	113
536	103
537	171
538	91
539	302
540	134
541	139
542	93
543	140
544	103
545	137
546	140
547	177
548	214
549	106
550	105
551	244
552	376
553	99
554	114
555	143
556	146
557	144
558	81
559	102
560	82
561	121
562	140
563	139
564	189
565	107
566	145
567	141
568	142
569	142
570	176
571	131
572	135
573	85
574	188
575	93
576	138
577	138
578	80
579	104
580	103
581	156
582	103
583	136
584	92
585	82
586	565
587	140
588	186
589	138
590	141
591	1023
592	142
593	139
594	169
595	175
596	186
597	176
598	135
599	189
600	88
601	138
602	102
603	110
604	146
605	152
606	104
607	141
608	136
609	136
610	113
611	100
612	288
613	142
614	94
615	135
616	147
617	102
618	172
619	141
620	145
621	103
622	113
623	169
624	316
625	140
626	128
627	143
628	140
629	81
630	83
631	135
632	103
633	307
634	153
635	80
636	93
637	141
638	97
639	120
640	102
641	221
642	141
643	88
644	204
645	137
646	183
647	86
648	137
649	184
650	147
651	242
652	202
653	136
654	144
655	152
656	138
657	357
658	145
659	144
660	80
661	304
662	215
663	87
664	156
665	210
666	145
667	198
668	136
669	103
670	424
671	136
672	136
673	119
674	184
675	137
676	328
677	101
678	126
679	140
680	133
681	99
682	145
683	183
684	141
685	158
686	101
687	146
688	144
689	155
690	157
691	151
692	133
693	100
694	89
695	139
696	90
697	101
698	141
699	136
700	134
701	240
702	108
703	137
704	131
705	110
706	207
707	127
708	203
709	121
710	139
711	148
712	131
713	239
714	353
715	126
716	999
717	365
718	132
719	206
720	164
721	123
722	141
723	140
724	134
725	181
726	110
727	157
728	157
729	97
730	80
731	80
732	143
733	145
734	81
735	134
736	451
737	132
738	295
739	95
740	232
741	137
742	136
743	154
744	88
745	139
746	143
747	138
748	204
749	204
750	132
751	143
752	223
753	144
754	97
755	140
756	120
757	109
758	132
759	139
760	134
761	98
762	139
763	105
764	104
765	128
766	205
767	135
768	141
769	131
770	140
771	101
772	133
773	154
774	135
775	136
776	148
777	188
778	200
779	138
780	135
781	149
782	275
783	114
784	98
785	142
786	107
787	109
788	85
789	89
790	201
791	181
792	133
793	133
794	358
795	145
796	203
797	105
798	101
799	131
800	129
801	132
802	142
803	137
804	158
805	152
806	85
807	137
808	137
809	225
810	207
811	380
812	205
813	128
814	182
815	100
816	138
817	205
818	142
819	135
820	143
821	108
822	433
823	102
824	131
825	96
826	103
827	474
828	139
829	260
830	122
831	109
832	135
833	144
834	99
835	136
836	139
837	137
838	212
839	169
840	150
841	140
842	139
843	90
844	421
845	133
846	136
847	150
848	152
849	194
850	132
851	135
852	108
853	318
854	144
855	130
856	316
857	221
858	136
859	185
860	103
861	135
862	139
863	152
864	141
865	114
866	230
867	144
868	115
869	100
870	96
871	103
872	139
873	135
874	713
875	409
876	135
877	128
878	87
879	82
880	92
881	267
882	131
883	83
884	141
885	133
886	114
887	122
888	125
889	322
890	137
891	104
892	85
893	113
894	207
895	356
896	139
897	97
898	139
899	153
900	140
901	131
902	286
903	214
904	199
905	136
906	98
907	82
908	166
909	417
910	107
911	140
912	81
913	102
914	141
915	104
916	136
917	107
918	155
919	99
920	133
921	136
922	163
923	148
924	181
925	134
926	172
927	138
928	157
929	87
930	388
931	134
932	110
933	110
934	115
935	136
936	98
937	123
938	102
939	139
940	105
941	132
942	114
943	100
944	137
945	102
946	99
947	146
948	139
949	531
950	208
951	162
952	114
953	102
954	126
955	116
956	131
957	673
958	132
959	135
960	92
961	212
962	155
963	133
964	133
965	868
966	94
967	174
968	134
969	165
970	207
971	107
972	137
973	134
974	100
975	224
976	88
977	248
978	135
979	113
980	98
981	227
982	212
983	164
984	122
985	100
986	199
987	83
988	132
989	141
990	138
991	148
992	136
993	132
994	112
995	132
996	93
997	102
998	130
999	140
1000	100
1001	324
1002	116
1003	134
1004	90
1005	137
1006	125
1007	99
1008	101
1009	140
1010	129
1011	103
1012	99
1013	135
1014	93
1015	137
1016	162
1017	101
1018	117
1019	138
1020	137
1021	134
1022	137
1023	82
1024	81
1025	146
1026	132
1027	139
1028	140
1029	271
1030	206
1031	142
1032	136
1033	129
1034	154
1035	131
1036	136
1037	137
1038	125
1039	99
1040	124
1041	138
1042	136
1043	609
1044	148
1045	286
1046	134
1047	82
1048	115
1049	474
1050	200
1051	103
1052	397
1053	140
1054	90
1055	138
1056	126
1057	134
1058	134
1059	96
1060	200
1061	124
1062	206
1063	133
1064	161
1065	102
1066	135
1067	110
1068	175
1069	135
1070	152
1071	111
1072	169
1073	211
1074	333
1075	139
1076	99
1077	318
1078	204
1079	132
1080	102
1081	102
1082	150
1083	147
1084	141
1085	111
1086	218
1087	137
1088	136
1089	101
1090	207
1091	141
1092	133
1093	137
1094	108
1095	102
1096	164
1097	136
1098	133
1099	133
1100	139
1101	112
1102	209
1103	138
1104	158
1105	378
1106	142
1107	140
1108	136
1109	173
1110	132
1111	142
1112	149
1113	139
1114	194
1115	140
1116	135
1117	109
1118	151
1119	88
1120	137
1121	132
1122	270
1123	142
1124	141
1125	293
1126	173
1127	137
1128	137
1129	101
1130	204
1131	85
1132	167
1133	138
1134	133
1135	131
1136	89
1137	135
1138	97
1139	131
1140	741
1141	126
1142	132
1143	118
1144	94
1145	136
1146	101
1147	139
1148	203
1149	134
1150	99
1151	135
1152	203
1153	507
1154	99
1155	137
1156	288
1157	200
1158	111
1159	493
1160	138
1161	150
1162	99
1163	137
1164	101
1165	201
1166	88
1167	114
1168	131
1169	141
1170	153
1171	141
1172	97
1173	138
1174	100
1175	84
1176	131
1177	204
1178	101
1179	146
1180	1023
1181	101
1182	102
1183	137
1184	96
1185	142
1186	198
1187	87
1188	136
1189	102
1190	145
1191	121
1192	138
1193	201
1194	135
1195	193
1196	102
1197	148
1198	137
1199	97
1200	122
1201	112
1202	127
1203	141
1204	109
1205	92
1206	642
1207	133
1208	107
1209	141
1210	122
1211	203
1212	140
1213	132
1214	81
1215	136
1216	99
1217	161
1218	435
1219	181
1220	136
1221	101
1222	136
1223	139
1224	413
1225	99
1226	135
1227	138
1228	140
1229	245
1230	149
1231	134
1232	200
1233	136
1234	416
1235	98
1236	137
1237	151
1238	112
1239	223
1240	89
1241	102
1242	219
1243	141
1244	137
1245	129
1246	140
1247	95
1248	141
1249	169
1250	131
1251	100
1252	98
1253	87
1254	139
1255	136
1256	113
1257	136
1258	141
1259	348
1260	140
1261	168
1262	133
1263	223
1264	185
1265	131
1266	90
1267	139
1268	222
1269	153
1270	137
1271	654
1272	111
1273	131
1274	91
1275	103
1276	149
1277	93
1278	125
1279	138
1280	601
1281	103
1282	97
1283	134
1284	178
1285	328
1286	343
1287	137
1288	235
1289	140
1290	211
1291	111
1292	109
1293	232
1294	189
1295	89
1296	111
1297	209
1298	666
1299	386
1300	131
1301	137
1302	138
1303	468
1304	142
1305	126
1306	144
1307	208
1308	117
1309	160
1310	164
1311	136
1312	183
1313	213
1314	137
1315	140
1316	136
1317	198
1318	136
1319	135
1320	183
1321	141
1322	133
1323	130
1324	205
1325	140
1326	134
1327	98
1328	256
1329	117
1330	173
1331	110
1332	110
1333	102
1334	141
1335	97
1336	142
1337	146
1338	203
1339	103
1340	168
1341	239
1342	92
1343	114
1344	148
1345	861
1346	137
1347	137
1348	132
1349	221
1350	135
1351	154
1352	135
1353	102
1354	137
1355	138
1356	375
1357	135
1358	145
1359	141
1360	108
1361	141
1362	147
1363	100
1364	345
1365	136
1366	136
1367	100
1368	208
1369	141
1370	88
1371	132
1372	216
1373	149
1374	97
1375	141
1376	210
1377	157
1378	133
1379	210
1380	133
1381	133
1382	140
1383	101
1384	160
1385	203
1386	771
1387	114
1388	298
1389	99
1390	135
1391	138
1392	143
1393	150
1394	190
1395	135
1396	102
1397	136
1398	101
1399	130
1400	113
1401	111
1402	122
1403	124
1404	107
1405	193
1406	137
1407	101
1408	104
1409	123
1410	174
1411	300
1412	106
1413	214
1414	131
1415	143
1416	198
1417	200
1418	265
1419	207
1420	205
1421	138
1422	139
1423	145
1424	133
1425	141
1426	113
1427	137
1428	102
1429	86
1430	140
1431	176
1432	151
1433	146
1434	104
1435	114
1436	147
1437	154
1438	106
1439	145
1440	104
1441	86
1442	144
1443	135
1444	124
1445	103
1446	107
1447	94
1448	128
1449	108
1450	140
1451	220
1452	148
1453	181
1454	133
1455	105
1456	302
1457	146
1458	97
1459	144
1460	136
1461	143
1462	88
1463	277
1464	209
1465	227
1466	134
1467	188
1468	151
1469	252
1470	129
1471	143
1472	142
1473	145
1474	158
1475	147
1476	147
1477	251
1478	103
1479	138
1480	147
1481	784
1482	85
1483	143
1484	210
1485	142
1486	80
1487	93
1488	138
1489	143
1490	84
1491	216
1492	98
1493	146
1494	159
1495	143
1496	145
1497	107
1498	109
1499	132
1500	99
1501	136
1502	234
1503	151
1504	213
1505	397
1506	162
1507	159
1508	109
1509	295
1510	137
1511	91
1512	147
1513	144
1514	154
1515	114
1516	128
1517	349
1518	96
1519	168
1520	134
1521	221
1522	309
1523	109
1524	85
1525	247
1526	142
1527	136
1528	139
1529	150
1530	368
1531	139
1532	149
1533	136
1534	143
1535	139
1536	142
1537	141
1538	138
1539	101
1540	138
1541	154
1542	143
1543	138
1544	80
1545	120
1546	141
1547	141
1548	169
1549	142
1550	198
1551	142
1552	454
1553	139
1554	130
1555	104
1556	142
1557	210
1558	153
1559	145
1560	145
1561	126
1562	148
1563	105
1564	104
1565	221
1566	177
1567	139
1568	148
1569	139
1570	137
1571	202
1572	307
1573	105
1574	231
1575	142
1576	222
1577	81
1578	145
1579	104
1580	141
1581	103
1582	197
1583	157
1584	138
1585	200
1586	101
1587	138
1588	109
1589	140
1590	128
1591	146
1592	140
1593	140
1594	116
1595	181
1596	198
1597	135
1598	218
1599	147
1600	199
1601	122
1602	162
1603	140
1604	213
1605	114
1606	579
1607	440
1608	187
1609	85
1610	102
1611	372
1612	138
1613	145
1614	111
1615	151
1616	159
1617	138
1618	211
1619	168
1620	139
1621	155
1622	103
1623	145
1624	167
1625	212
1626	157
1627	84
1628	192
1629	320
1630	142
1631	145
1632	149
1633	101
1634	165
1635	156
1636	138
1637	90
1638	140
1639	106
1640	142
1641	145
1642	143
1643	152
1644	104
1645	146
1646	102
1647	149
1648	609
1649	142
1650	85
1651	139
1652	329
1653	106
1654	146
1655	97
1656	143
1657	147
1658	150
1659	139
1660	143
1661	96
1662	235
1663	143
1664	161
1665	212
1666	99
1667	95
1668	106
1669	230
1670	212
1671	89
1672	102
1673	143
1674	153
1675	208
1676	103
1677	139
1678	362
1679	212
1680	97
1681	160
1682	205
1683	140
1684	130
1685	136
1686	144
1687	107
1688	123
1689	138
1690	138
1691	142
1692	101
1693	230
1694	328
1695	126
1696	123
1697	161
1698	146
1699	174
1700	428
1701	182
1702	114
1703	146
1704	309
1705	136
1706	242
1707	102
1708	248
1709	387
1710	358
1711	139
1712	137
1713	127
1714	121
1715	139
1716	229
1717	105
1718	158
1719	213
1720	142
1721	153
1722	132
1723	101
1724	145
1725	209
1726	150
1727	115
1728	142
1729	101
1730	140
1731	103
1732	211
1733	81
1734	158
1735	141
1736	116
1737	141
1738	158
1739	227
1740	151
1741	138
1742	98
1743	120
1744	141
1745	87
1746	105
1747	142
1748	261
1749	143
1750	215
1751	140
1752	214
1753	130
1754	215
1755	139
1756	141
1757	361
1758	185
1759	124
1760	211
1761	138
1762	226
1763	411
1764	151
1765	104
1766	124
1767	102
1768	137
1769	140
1770	141
1771	85
1772	197
1773	194
1774	137
1775	110
1776	137
1777	148
1778	137
1779	139
1780	271
1781	100
1782	144
1783	144
1784	138
1785	100
1786	139
1787	102
1788	109
1789	215
1790	103
1791	105
1792	208
1793	112
1794	147
1795	146
1796	140
1797	141
1798	316
1799	114
1800	190
1801	143
1802	102
1803	105
1804	146
1805	140
1806	206
1807	137
1808	107
1809	290
1810	133
1811	106
1812	353
1813	156
1814	98
1815	92
1816	435
1817	140
1818	107
1819	287
1820	147
1821	98
1822	93
1823	148
1824	132
1825	140
1826	208
1827	98
1828	366
1829	140
1830	107
1831	102
1832	142
1833	933
1834	142
1835	167
1836	140
1837	188
1838	143
1839	129
1840	145
1841	153
1842	138
1843	137
1844	142
1845	136
1846	137
1847	141
1848	140
1849	138
1850	131
1851	212
1852	142
1853	80
1854	349
1855	102
1856	216
1857	146
1858	138
1859	135
1860	98
1861	151
1862	103
1863	88
1864	100
1865	91
1866	137
1867	98
1868	178
1869	160
1870	117
1871	136
1872	86
1873	139
1874	141
1875	135
1876	149
1877	141
1878	280
1879	137
1880	137
1881	136
1882	83
1883	208
1884	145
1885	141
1886	134
1887	106
1888	89
1889	147
1890	138
1891	137
1892	83
1893	158
1894	139
1895	159
1896	134
1897	91
1898	134
1899	137
1900	100
1901	276
1902	147
1903	82
1904	145
1905	138
1906	113
1907	217
1908	176
1909	142
1910	139
1911	170
1912	139
1913	79
1914	103
1915	220
1916	145
1917	468
1918	159
1919	138
1920	102
1921	144
1922	100
1923	137
1924	105
1925	144
1926	143
1927	226
1928	263
1929	206
1930	102
1931	169
1932	208
1933	155
1934	118
1935	150
1936	116
1937	176
1938	211
1939	139
1940	140
1941	143
1942	98
1943	136
1944	120
1945	137
1946	158
1947	135
1948	99
1949	145
1950	85
1951	140
1952	136
1953	136
1954	138
1955	102
1956	147
1957	365
1958	133
1959	136
1960	157
1961	130
1962	147
1963	104
1964	152
1965	132
1966	215
1967	436
1968	114
1969	85
1970	100
1971	140
1972	223
1973	202
1974	141
1975	140
1976	198
1977	341
1978	144
1979	125
1980	104
1981	137
1982	89
1983	202
1984	144
1985	143
1986	94
1987	217
1988	89
1989	133
1990	137
1991	85
1992	138
1993	920
1994	139
1995	134
1996	136
1997	137
1998	164
1999	79
2000	135
2001	116
2002	205
2003	146
2004	757
2005	130
2006	98
2007	110
2008	155
2009	131
2010	205
2011	596
2012	138
2013	190
2014	148
2015	205
2016	120
2017	135
2018	139
2019	137
2020	133
2021	133
2022	141
2023	143
2024	136
2025	264
2026	168
2027	137
2028	141
2029	151
2030	154
2031	138
2032	101
2033	127
2034	85
2035	148
2036	91
2037	167
2038	133
2039	157
2040	83
2041	135
2042	133
2043	102
2044	136
2045	131
2046	133
2047	143
2048	213
2049	297
2050	165
2051	134
2052	284
2053	97
2054	172
2055	139
2056	252
2057	140
2058	174
2059	134
2060	200
2061	134
2062	79
2063	84
2064	84
2065	136
2066	120
2067	163
2068	108
2069	137
2070	110
2071	174
2072	84
2073	231
2074	208
2075	131
2076	90
2077	139
2078	432
2079	272
2080	173
2081	142
2082	140
2083	143
2084	96
2085	176
2086	133
2087	136
2088	167
2089	100
2090	209
2091	82
2092	205
2093	140
2094	146
2095	151
2096	108
2097	144
2098	282
2099	170
2100	217
2101	135
2102	89
2103	99
2104	204
2105	147
2106	134
2107	86
2108	141
2109	147
2110	107
2111	136
2112	155
2113	119
2114	143
2115	136
2116	136
2117	88
2118	172
2119	139
2120	136
2121	140
2122	132
2123	129
2124	130
2125	412
2126	135
2127	182
2128	107
2129	146
2130	100
2131	454
2132	134
2133	128
2134	133
2135	214
2136	141
2137	122
2138	134
2139	293
2140	211
2141	93
2142	93
2143	108
2144	229
2145	140
2146	96
2147	897
2148	154
2149	146
2150	134
2151	156
2152	130
2153	136
2154	126
2155	139
2156	119
2157	143
2158	206
2159	134
2160	133
2161	86
2162	133
2163	273
2164	174
2165	134
2166	112
2167	136
2168	132
2169	216
2170	421
2171	156
2172	245
2173	159
2174	88
2175	138
2176	206
2177	134
2178	80
2179	146
2180	200
2181	216
2182	147
2183	138
2184	144
2185	113
2186	202
2187	207
2188	210
2189	174
2190	131
2191	133
2192	110
2193	140
2194	135
2195	407
2196	206
2197	135
2198	101
2199	132
2200	134
2201	205
2202	80
2203	111
2204	158
2205	155
2206	135
2207	209
2208	147
2209	138
2210	103
2211	143
2212	134
2213	139
2214	87
2215	155
2216	209
2217	90
2218	96
2219	134
2220	246
2221	84
2222	205
2223	150
2224	136
2225	138
2226	137
2227	141
2228	138
2229	138
2230	136
2231	209
2232	434
2233	84
2234	140
2235	237
2236	234
2237	135
2238	102
2239	98
2240	353
2241	155
2242	249
2243	139
2244	216
2245	140
2246	141
2247	134
2248	211
2249	89
2250	149
2251	125
2252	101
2253	133
2254	97
2255	140
2256	106
2257	140
2258	435
2259	132
2260	94
2261	138
2262	219
2263	135
2264	132
2265	108
2266	139
2267	206
2268	111
2269	137
2270	421
2271	129
2272	141
2273	139
2274	138
2275	134
2276	136
2277	131
2278	154
2279	134
2280	133
2281	136
2282	102
2283	102
2284	141
2285	207
2286	135
2287	137
2288	139
2289	140
2290	136
2291	150
2292	137
2293	186
2294	209
2295	140
2296	137
2297	152
2298	137
2299	136
2300	140
2301	137
2302	103
2303	124
2304	136
2305	103
2306	161
2307	141
2308	242
2309	136
2310	137
2311	137
2312	106
2313	178
2314	82
2315	213
2316	220
2317	462
2318	212
2319	102
2320	279
2321	124
2322	153
2323	141
2324	206
2325	186
2326	287
2327	124
2328	112
2329	140
2330	89
2331	142
2332	208
2333	139
2334	166
2335	140
2336	144
2337	90
2338	144
2339	212
2340	229
2341	185
2342	146
2343	139
2344	141
2345	131
2346	151
2347	138
2348	147
2349	115
2350	140
2351	88
2352	142
2353	142
2354	162
2355	134
2356	280
2357	156
2358	93
2359	102
2360	141
2361	103
2362	105
2363	219
2364	218
2365	159
2366	140
2367	88
2368	144
2369	99
2370	139
2371	144
2372	142
2373	200
2374	101
2375	138
2376	155
2377	197
2378	87
2379	152
2380	106
2381	354
2382	196
2383	213
2384	100
2385	332
2386	137
2387	124
2388	125
2389	143
2390	103
2391	138
2392	147
2393	141
2394	237
2395	143
2396	177
2397	134
2398	145
2399	105
2400	144
2401	143
2402	142
2403	224
2404	139
2405	169
2406	139
2407	104
2408	134
2409	172
2410	130
2411	223
2412	139
2413	143
2414	80
2415	142
2416	82
2417	142
2418	491
2419	145
2420	224
2421	167
2422	139
2423	95
2424	190
2425	139
2426	209
2427	140
2428	101
2429	155
2430	139
2431	317
2432	138
2433	211
2434	141
2435	295
2436	181
2437	140
2438	139
2439	140
2440	173
2441	147
2442	108
2443	219
2444	296
2445	148
2446	154
2447	103
2448	380
2449	215
2450	139
2451	218
2452	104
2453	105
2454	131
2455	139
2456	145
2457	140
2458	102
2459	105
2460	104
2461	382
2462	209
2463	153
2464	182
2465	112
2466	146
2467	139
2468	210
2469	150
2470	251
2471	163
2472	147
2473	165
2474	141
2475	147
2476	90
2477	105
2478	215
2479	83
2480	139
2481	94
2482	143
2483	147
2484	141
2485	86
2486	141
2487	128
2488	115
2489	281
2490	84
2491	103
2492	137
2493	104
2494	138
2495	90
2496	140
2497	102
2498	219
2499	137
2500	138
2501	170
2502	167
2503	140
2504	139
2505	139
2506	284
2507	141
2508	112
2509	146
2510	107
2511	151
2512	141
2513	175
2514	114
2515	139
2516	133
2517	157
2518	85
2519	102
2520	90
2521	138
2522	139
2523	302
2524	213
2525	142
2526	215
2527	135
2528	112
2529	174
2530	188
2531	84
2532	138
2533	175
2534	142
2535	130
2536	95
2537	188
2538	140
2539	107
2540	104
2541	170
2542	104
2543	151
2544	106
2545	106
2546	220
2547	139
2548	102
2549	171
2550	145
2551	208
2552	147
2553	102
2554	148
2555	105
2556	190
2557	148
2558	148
2559	100
2560	100
2561	133
2562	209
2563	141
2564	144
2565	209
2566	137
2567	100
2568	125
2569	143
2570	124
2571	102
2572	159
2573	89
2574	146
2575	142
2576	277
2577	103
2578	142
2579	140
2580	141
2581	134
2582	144
2583	85
2584	145
2585	260
2586	105
2587	145
2588	247
2589	139
2590	154
2591	96
2592	136
2593	752
2594	81
2595	138
2596	105
2597	693
2598	104
2599	102
2600	80
2601	148
2602	103
2603	140
2604	137
2605	103
2606	136
2607	144
2608	138
2609	103
2610	138
2611	139
2612	173
2613	161
2614	123
2615	98
2616	97
2617	93
2618	167
2619	104
2620	159
2621	143
2622	1023
2623	382
2624	138
2625	151
2626	137
2627	139
2628	129
2629	86
2630	142
2631	141
2632	127
2633	142
2634	85
2635	111
2636	136
2637	92
2638	79
2639	139
2640	102
2641	82
2642	134
2643	139
2644	138
2645	370
2646	108
2647	205
2648	141
2649	118
2650	134
2651	141
2652	187
2653	252
2654	350
2655	145
2656	136
2657	134
2658	214
2659	342
2660	212
2661	82
2662	102
2663	154
2664	139
2665	345
2666	102
2667	177
2668	413
2669	146
2670	143
2671	103
2672	269
2673	107
2674	246
2675	111
2676	139
2677	108
2678	218
2679	103
2680	80
2681	138
2682	137
2683	210
2684	231
2685	203
2686	103
2687	212
2688	157
2689	111
2690	143
2691	384
2692	215
2693	175
2694	140
2695	109
2696	147
2697	90
2698	106
2699	207
2700	144
2701	98
2702	103
2703	137
2704	128
2705	137
2706	233
2707	95
2708	138
2709	141
2710	108
2711	168
2712	89
2713	162
2714	144
2715	295
2716	216
2717	82
2718	90
2719	134
2720	105
2721	93
2722	124
2723	460
2724	223
2725	137
2726	151
2727	153
2728	121
2729	106
2730	209
2731	113
2732	207
2733	93
2734	105
2735	140
2736	180
2737	136
2738	211
2739	308
2740	140
2741	103
2742	142
2743	102
2744	141
2745	222
2746	140
2747	148
2748	140
2749	148
2750	148
2751	145
2752	153
2753	161
2754	140
2755	137
2756	143
2757	91
2758	139
2759	137
2760	419
2761	137
2762	143
2763	104
2764	102
2765	145
2766	138
2767	211
2768	145
2769	133
2770	143
2771	111
2772	1023
2773	206
2774	138
2775	139
2776	138
2777	221
2778	174
2779	108
2780	155
2781	140
2782	103
2783	190
2784	177
2785	172
2786	144
2787	156
2788	148
2789	145
2790	171
2791	140
2792	146
2793	98
2794	141
2795	103
2796	135
2797	139
2798	103
2799	221
2800	106
2801	91
2802	138
2803	250
2804	103
2805	230
2806	186
2807	135
2808	119
2809	171
2810	106
2811	147
2812	137
2813	140
2814	136
2815	137
2816	144
2817	139
2818	105
2819	396
2820	143
2821	135
2822	113
2823	141
2824	126
2825	90
2826	135
2827	117
2828	104
2829	108
2830	146
2831	104
2832	422
2833	139
2834	137
2835	139
2836	96
2837	139
2838	145
2839	138
2840	138
2841	204
2842	103
2843	97
2844	106
2845	208
2846	137
2847	104
2848	158
2849	138
2850	137
2851	155
2852	143
2853	135
2854	158
2855	126
2856	137
2857	106
2858	141
2859	283
2860	182
2861	105
2862	138
2863	142
2864	150
2865	138
2866	147
2867	125
2868	157
2869	152
2870	248
2871	213
2872	82
2873	84
2874	140
2875	91
2876	142
2877	166
2878	142
2879	133
2880	147
2881	143
2882	103
2883	129
2884	142
2885	143
2886	145
2887	139
2888	212
2889	183
2890	318
2891	94
2892	178
2893	137
2894	211
2895	142
2896	167
2897	178
2898	95
2899	134
2900	105
2901	137
2902	83
2903	94
2904	102
2905	92
2906	209
2907	135
2908	352
2909	137
2910	135
2911	140
2912	185
2913	224
2914	140
2915	216
2916	118
2917	187
2918	138
2919	90
2920	84
2921	147
2922	100
2923	146
2924	139
2925	140
2926	142
2927	137
2928	139
2929	98
2930	96
2931	121
2932	172
2933	104
2934	385
2935	143
2936	111
2937	332
2938	152
2939	165
2940	138
2941	246
2942	106
2943	137
2944	103
2945	210
2946	212
2947	101
2948	170
2949	139
2950	89
2951	141
2952	137
2953	213
2954	139
2955	207
2956	140
2957	89
2958	108
2959	143
2960	143
2961	104
2962	101
2963	137
2964	85
2965	225
2966	141
2967	142
2968	190
2969	140
2970	159
2971	149
2972	80
2973	135
2974	217
2975	212
2976	221
2977	345
2978	205
2979	366
2980	137
2981	134
2982	85
2983	97
2984	141
2985	139
2986	220
2987	228
2988	104
2989	103
2990	141
2991	179
2992	475
2993	105
2994	257
2995	280
2996	171
2997	159
2998	361
2999	99
